1473059811784 1473059812030
1473059813790 1473059814489
1473059815792 1473059816336
1473059817799 1473059818079
1473059819806 1473059820122
1473059821813 1473059822061
1473059823815 1473059824126
1473059825816 1473059826174
1473059827827 1473059828124
1473059829829 1473059830148
1473059831832 1473059832103
1473059833833 1473059834130
1473059835836 1473059836110
1473059837838 1473059838110
1473059839843 1473059840070
1473059841847 1473059842114
1473059843858 1473059844160
1473059845860 1473059846095
1473059847863 1473059848169
1473059849865 1473059850093
1473059851876 1473059852151
1473059853880 1473059854185
1473059855886 1473059856048
1473059857888 1473059858888
1473059859895 1473059860457
1473059861898 1473059862351
1473059863900 1473059864155
1473059865905 1473059866104
1473059867912 1473059868250
1473059869915 1473059870190
1473059871921 1473059872258
1473059873931 1473059874172
1473059875937 1473059876138
1473059877941 1473059878292
1473059879945 1473059880205
1473059881948 1473059882243
1473059883956 1473059884204
1473059885959 1473059886246
1473059887962 1473059888200
1473059889969 1473059890254
1473059891975 1473059892295
1473059893980 1473059894239
1473059895984 1473059896301
1473059897987 1473059898259
1473059899994 1473059900306
1473059902002 1473059902234
1473059904004 1473059904292
1473059906006 1473059906324
1473059908012 1473059908259
1473059910016 1473059910313
1473059912023 1473059912259
1473059914033 1473059914297
1473059916035 1473059916357
