1473059245465 1473059245634
1473059247467 1473059247851
1473059249469 1473059249593
1473059251472 1473059251537
1473059253473 1473059253578
1473059255474 1473059255508
1473059257475 1473059257573
1473059259476 1473059259620
1473059261479 1473059261565
1473059263479 1473059263618
1473059265480 1473059265560
1473059267482 1473059267600
1473059269483 1473059269555
1473059271485 1473059271607
1473059273487 1473059273552
1473059275489 1473059275588
1473059277490 1473059277645
1473059279490 1473059279592
1473059281491 1473059281640
1473059283493 1473059283585
1473059285495 1473059285626
1473059287496 1473059287577
1473059289498 1473059289627
1473059291508 1473059291569
1473059293509 1473059293616
1473059295511 1473059295665
1473059297512 1473059297615
1473059299514 1473059299646
1473059301515 1473059301601
1473059303516 1473059303654
1473059305518 1473059305598
1473059307519 1473059307644
1473059309520 1473059309600
1473059311522 1473059311637
1473059313522 1473059313579
1473059315523 1473059315631
1473059317525 1473059317685
1473059319526 1473059319625
1473059321527 1473059321674
1473059323528 1473059323624
1473059325530 1473059325663
1473059327531 1473059327613
1473059329532 1473059329664
1473059331532 1473059331603
1473059333532 1473059333649
1473059335533 1473059335601
1473059337534 1473059337647
1473059339534 1473059339593
1473059341535 1473059341626
1473059343535 1473059343689
1473059345535 1473059345628
1473059347536 1473059347667
1473059349536 1473059349631
1473059351537 1473059351676
1473059353538 1473059353618
