1473059531314 1473059531384
1473059533315 1473059533418
1473059535315 1473059535359
1473059537316 1473059537410
1473059539317 1473059539458
1473059541317 1473059541399
1473059543318 1473059543449
1473059545318 1473059545399
1473059547319 1473059547448
1473059549319 1473059549388
1473059551320 1473059551437
1473059553320 1473059553377
1473059555321 1473059555429
1473059557322 1473059557372
1473059559322 1473059559409
1473059561322 1473059561368
1473059563322 1473059563416
1473059565323 1473059565367
1473059567324 1473059567408
1473059569324 1473059569456
1473059571324 1473059571404
1473059573325 1473059573457
1473059575326 1473059575398
1473059577326 1473059577364
1473059579327 1473059579386
1473059581327 1473059581438
1473059583327 1473059583386
1473059585328 1473059585436
1473059587329 1473059587376
1473059589329 1473059589426
1473059591330 1473059591377
1473059593330 1473059593417
1473059595331 1473059595467
1473059597332 1473059597418
1473059599333 1473059599458
1473059601333 1473059601407
1473059603334 1473059603455
1473059605334 1473059605395
1473059607335 1473059607445
1473059609336 1473059609395
1473059611336 1473059611445
1473059613337 1473059613385
1473059615337 1473059615436
1473059617338 1473059617384
1473059619338 1473059619425
1473059621338 1473059621475
1473059623339 1473059623426
1473059625340 1473059625465
1473059627340 1473059627414
1473059629340 1473059629464
1473059631340 1473059631404
1473059633340 1473059633454
1473059635340 1473059635400
