1473059400451 1473059400510
1473059402451 1473059402551
1473059404452 1473059404487
1473059406453 1473059406541
1473059408453 1473059408595
1473059410454 1473059410541
1473059412454 1473059412582
1473059414454 1473059414534
1473059416455 1473059416558
1473059418455 1473059418521
1473059420455 1473059420468
1473059422455 1473059422519
1473059424456 1473059424556
1473059426456 1473059426515
1473059428457 1473059428561
1473059430458 1473059430505
1473059432459 1473059432554
1473059434459 1473059434471
1473059436460 1473059436469
1473059438460 1473059438594
1473059440460 1473059440546
1473059442461 1473059442594
1473059444462 1473059444535
1473059446462 1473059446580
1473059448462 1473059448533
1473059450463 1473059450569
1473059452464 1473059452518
1473059454465 1473059454571
1473059456465 1473059456514
1473059458466 1473059458562
1473059460466 1473059460505
1473059462466 1473059462559
1473059464466 1473059464605
1473059466467 1473059466553
1473059468468 1473059468598
1473059470468 1473059470542
1473059472469 1473059472592
1473059474470 1473059474538
1473059476470 1473059476555
1473059478470 1473059478528
1473059480471 1473059480578
1473059482471 1473059482523
1473059484472 1473059484568
1473059486472 1473059486518
1473059488473 1473059488558
1473059490473 1473059490609
1473059492474 1473059492558
1473059494474 1473059494484
1473059496474 1473059496548
1473059498475 1473059498599
1473059500475 1473059500549
1473059502476 1473059502589
1473059504476 1473059504540
