1473059685432 1473059685827
1473059687439 1473059687845
1473059689442 1473059690010
1473059691457 1473059691607
1473059693459 1473059693659
1473059695462 1473059695594
1473059697464 1473059697642
1473059699465 1473059699695
1473059701469 1473059701733
1473059703473 1473059703678
1473059705473 1473059705655
1473059707482 1473059707687
1473059709484 1473059709636
1473059711486 1473059711677
1473059713490 1473059713632
1473059715493 1473059715679
1473059717497 1473059717713
1473059719501 1473059719606
1473059721504 1473059721699
1473059723507 1473059723661
1473059725508 1473059725597
1473059727509 1473059727644
1473059729510 1473059729702
1473059731511 1473059731642
1473059733513 1473059733681
1473059735515 1473059735747
1473059737516 1473059737672
1473059739519 1473059739744
1473059741521 1473059741706
1473059743525 1473059743712
1473059745527 1473059745667
1473059747531 1473059747742
1473059749533 1473059749663
1473059751535 1473059751706
1473059753537 1473059753995
1473059755543 1473059755833
1473059757545 1473059757751
1473059759548 1473059759707
1473059761553 1473059761962
1473059763555 1473059763819
1473059765556 1473059765920
1473059767559 1473059767885
1473059769562 1473059769876
1473059771569 1473059772060
1473059773571 1473059773905
1473059775573 1473059775916
1473059777576 1473059777931
1473059779578 1473059779954
1473059781579 1473059781882
1473059783583 1473059783915
1473059785587 1473059785821
1473059787591 1473059787775
1473059789595 1473059789850
