1473926036536 683
1473926038575 504
1473926040615 347
1473926042655 308
1473926044706 1064
1473926046755 321
1473926048796 489
1473926050837 901
1473926052885 489
1473926054935 908
1473926056976 1179
1473926059015 1147
1473926061065 316
1473926063114 277
1473926065159 848
1473926067204 968
1473926069245 499
1473926071285 457
1473926073334 550
1473926075374 301
1473926077424 750
1473926079468 303
1473926081514 418
1473926083558 594
1473926085604 409
1473926087644 317
1473926089695 316
1473926091734 300
1473926093777 324
1473926095823 329
1473926097867 612
