1473925466390 175
1473925468419 216
1473925470450 245
1473925472480 289
1473925474509 288
1473925476542 560
1473925478567 264
1473925480589 184
1473925482619 241
1473925484649 206
1473925486679 102
1473925488702 178
1473925490729 206
1473925492759 273
1473925494782 170
1473925496809 153
1473925498839 109
1473925500869 203
1473925502898 199
1473925504929 178
1473925506959 111
1473925508980 157
1473925511009 146
1473925513031 97
1473925515058 133
1473925517088 200
1473925519118 218
1473925521149 131
1473925523178 171
1473925525209 97
1473925527239 122
