1473925340814 44
1473925342835 39
1473925344858 40
1473925346883 58
1473925348913 44
1473925350933 41
1473925352953 49
1473925354973 44
1473925356989 47
1473925359013 35
1473925361028 50
1473925363053 57
1473925365072 56
1473925367102 49
1473925369126 43
1473925371152 39
1473925373182 33
1473925375202 27
1473925377222 28
1473925379246 39
1473925381272 36
1473925383288 43
1473925385319 36
1473925387341 44
1473925389367 41
1473925391391 32
1473925393411 46
1473925395442 34
1473925397461 53
1473925399496 41
1473925401521 40
