1473926099912 473
1473926101957 419
1473926104004 404
1473926106053 377
1473926108103 381
1473926110154 349
1473926112204 372
1473926114245 912
1473926116294 854
1473926118341 1777
1473926120394 1730
1473926122443 1806
1473926124493 1722
1473926126854 1623
1473926128904 1790
1473926130953 1258
1473926133003 1313
1473926135054 1496
1473926137104 1355
1473926139153 1821
1473926141203 1334
1473926143263 1604
1473926145321 1201
1473926147371 1030
1473926149423 1392
1473926151473 1080
1473926153523 551
1473926155572 790
1473926157623 1273
1473926159676 949
1473926161722 1250
