1473926163773 691
1473926165832 1480
1473926167893 1097
1473926169942 450
1473926171992 392
1473926174052 1449
1473926176112 671
1473926178172 863
1473926180229 1167
1473926182279 1278
1473926184336 1595
1473926186392 2102
1473926188452 2096
1473926190512 1961
1473926192570 2022
1473926194631 2083
1473926196682 1979
1473926198734 2062
1473926200806 1916
1473926202920 2339
1473926205060 2390
1473926207175 2314
1473926209319 2555
1473926211438 2669
1473926213568 2709
1473926215713 2997
1473926217831 3081
1473926219960 2426
1473926222089 2641
1473926224201 2693
1473926226362 2595
