1473925219475 54
1473925221494 26
1473925223515 42
1473925225539 29
1473925227562 42
1473925229587 32
1473925231608 38
1473925233632 29
1473925235656 31
1473925237672 22
1473925239683 43
1473925241715 33
1473925243734 32
1473925245755 45
1473925247784 32
1473925249806 32
1473925251826 40
1473925253852 39
1473925255875 32
1473925257896 34
1473925259919 45
1473925261945 41
1473925263970 40
1473925265995 29
1473925268013 35
1473925270034 35
1473925272054 32
1473925274075 44
1473925276104 34
1473925278129 20
1473925280147 42
1473925282175 31
1473925284194 25
1473925286216 36
1473925288245 30
1473925290265 35
1473925292294 32
1473925294314 28
1473925296334 26
1473925298354 44
1473925300385 34
1473925302404 24
1473925304424 44
1473925306451 39
1473925308474 28
1473925310494 33
1473925312513 32
1473925314529 34
1473925316554 32
1473925318573 40
1473925320596 24
1473925322611 36
1473925324633 45
1473925326664 27
1473925328678 36
1473925330703 32
1473925332723 26
1473925334743 32
1473925336760 47
1473925338792 29
