1473925529268 414
1473925531308 467
1473925533338 123
1473925535368 110
1473925537398 147
1473925539427 174
1473925541458 611
1473925543487 145
1473925545517 204
1473925547547 137
1473925549578 109
1473925551607 139
1473925553637 267
1473925555663 344
1473925557690 219
1473925559718 128
1473925561748 128
1473925563779 129
1473925565817 108
1473925567847 117
1473925569877 156
1473925571907 113
1473925573936 128
1473925575967 136
1473925577997 124
1473925580027 132
1473925582066 146
1473925584097 116
1473925586127 118
1473925588152 131
1473925590186 132
