1473925592216 156
1473925594257 156
1473925596289 232
1473925598326 237
1473925600365 172
1473925602407 151
1473925604447 182
1473925606486 544
1473925608525 983
1473925610566 520
1473925612613 326
1473925614656 295
1473925616689 230
1473925618725 250
1473925620766 2492
1473925622809 1805
1473925624866 886
1473925626903 1291
1473925628948 1385
1473925630985 1300
1473925633025 995
1473925635066 984
1473925637105 443
1473925639142 1268
1473925641196 1373
1473925643235 924
1473925645275 258
1473925647316 215
1473925649355 180
1473925651395 295
1473925653427 254
