1473925655465 329
1473925657505 384
1473925659545 477
1473925661585 405
1473925663625 450
1473925665672 359
1473925667714 515
1473925669755 253
1473925671796 349
1473925673844 415
1473925675884 273
1473925677925 261
1473925679964 240
1473925682014 236
1473925684054 279
1473925686095 213
1473925688154 184
1473925690194 189
1473925692234 166
1473925694274 191
1473925696317 196
1473925698364 259
1473925700404 200
1473925702444 212
1473925704484 224
1473925706523 258
1473925708564 203
1473925710603 182
1473925712654 200
1473925714693 235
1473925716735 240
