1473925718783 193
1473925720833 216
1473925722875 214
1473925724923 254
1473925726963 252
1473925729024 225
1473925731083 268
1473925733133 193
1473925735183 191
1473925737229 200
1473925739283 210
1473925741332 187
1473925743384 189
1473925745422 480
1473925747473 286
1473925749522 279
1473925751572 196
1473925753614 213
1473925755662 193
1473925757705 211
1473925759752 202
1473925761798 221
1473925763842 277
1473925765892 284
1473925767938 226
1473925769994 266
1473925772042 254
1473925774091 229
1473925776141 217
1473925778192 220
1473925780242 484
