1473925403539 428
1473925405571 281
1473925407601 286
1473925409632 270
1473925411651 253
1473925413680 262
1473925415711 264
1473925417730 278
1473925419760 279
1473925421791 275
1473925423821 274
1473925425851 67
1473925427880 76
1473925429911 75
1473925431941 76
1473925433965 72
1473925435991 175
1473925438010 84
1473925440040 319
1473925442070 80
1473925444100 599
1473925446121 261
1473925448150 275
1473925450180 281
1473925452210 464
1473925454231 281
1473925456260 305
1473925458279 309
1473925460310 274
1473925462339 263
1473925464363 94
