1473925782292 497
1473925784342 401
1473925786392 288
1473925788441 269
1473925790501 220
1473925792547 217
1473925794588 237
1473925796642 323
1473925798691 328
1473925800741 290
1473925802791 231
1473925804842 249
1473925806901 205
1473925808961 239
1473925811011 213
1473925813061 229
1473925815111 319
1473925817160 246
1473925819221 248
1473925821271 219
1473925823331 211
1473925825381 216
1473925827432 236
1473925829480 234
1473925831530 327
1473925833590 237
1473925835639 359
1473925837701 226
1473925839750 251
1473925841800 219
1473925843861 447
