1473925845910 317
1473925847960 366
1473925850020 416
1473925852070 427
1473925854129 245
1473925856183 1833
1473925858240 761
1473925860300 1610
1473925862360 1213
1473925864420 871
1473925866470 604
1473925868529 413
1473925870589 984
1473925872640 984
1473925874690 886
1473925876749 320
1473925878809 481
1473925880869 502
1473925882929 959
1473925885289 528
1473925887340 1470
1473925889400 1458
1473925891451 1225
1473925893509 1178
1473925895559 1631
1473925897619 1648
1473925899669 860
1473925901719 1122
1473925903779 1569
1473925905829 1603
1473925907887 1292
