1473925909938 581
1473925911999 1485
1473925914039 1468
1473925916079 970
1473925918118 1715
1473925920169 1210
1473925922209 1428
1473925924258 2014
1473925926299 1413
1473925928339 955
1473925930371 1062
1473925932419 1202
1473925934459 556
1473925936498 762
1473925938538 1641
1473925940577 828
1473925942611 396
1473925944658 411
1473925946698 326
1473925948738 241
1473925950777 286
1473925952821 243
1473925954858 274
1473925956898 323
1473925958930 403
1473925960968 316
1473925963007 332
1473925965057 257
1473925967098 255
1473925969138 250
1473925971177 267
