1473925973214 310
1473925975266 441
1473925977309 474
1473925979350 301
1473925981386 497
1473925983425 283
1473925985477 324
1473925987516 297
1473925989556 394
1473925991607 800
1473925993649 614
1473925995689 331
1473925997737 328
1473925999777 415
1473926001819 297
1473926003856 297
1473926005897 411
1473926007937 346
1473926009977 643
1473926012017 295
1473926014059 307
1473926016100 535
1473926018146 303
1473926020186 566
1473926022237 474
1473926024278 918
1473926026319 637
1473926028365 396
1473926030406 425
1473926032456 320
1473926034496 339
