1473989007471 502
1473989009550 367
1473989011611 327
1473989013671 308
1473989015721 369
1473989017791 779
1473989019863 324
1473989021921 315
1473989023971 336
1473989026021 416
1473989028071 331
1473989030122 318
1473989032171 322
1473989034221 284
1473989036271 349
1473989038321 300
1473989040371 369
1473989042440 411
1473989044516 424
1473989046591 313
1473989048661 279
1473989050712 321
1473989052771 291
1473989054821 300
1473989056871 296
1473989058921 430
1473989060975 741
1473989063021 2461
1473989065071 2474
1473989067141 1240
1473989069211 322
