1473988002227 -45
1473988004253 -31
1473988006277 -59
1473988438201 62
1473988440221 61
1473988442241 61
1473988444264 52
1473988446285 55
1473988448301 62
1473988450320 56
1473988452342 66
1473988454361 62
1473988456381 57
1473988458401 62
1473988460421 83
1473988462441 64
1473988464461 58
1473988466481 63
1473988468501 62
1473988470524 56
1473988472541 66
1473988474564 61
1473988476585 58
1473988478601 63
1473988480620 61
1473988482644 59
1473988484661 59
1473988486681 68
1473988488701 56
1473988490720 58
1473988492744 60
1473988494760 63
1473988496782 55
1473988498801 79
