1473988313165 32
1473988315181 24
1473988317195 28
1473988319211 25
1473988321225 29
1473988323241 24
1473988325255 30
1473988327271 24
1473988329281 23
1473988331294 27
1473988333304 21
1473988335321 22
1473988337335 29
1473988339351 23
1473988341364 29
1473988343381 25
1473988345393 31
1473988347411 21
1473988349418 24
1473988351430 25
1473988353443 23
1473988355455 29
1473988357470 24
1473988359485 28
1473988361501 30
1473988363511 24
1473988365525 23
1473988367544 25
1473988369556 24
1473988371568 25
1473988373578 25
