1473989071270 985
1473989073351 891
1473989075422 2467
1473989077480 2484
1473989079530 2497
1473989081611 2456
1473989083672 2474
1473989085731 503
1473989087791 523
1473989089861 474
1473989091921 508
1473989093981 504
1473989096061 524
1473989098122 547
1473989100183 549
1473989102230 475
1473989104281 459
1473989106331 626
1473989108400 475
1473989110470 451
1473989112521 2489
1473989114583 1307
1473989116631 2470
1473989118680 975
1473989120727 2523
1473989122780 542
1473989124861 508
1473989126923 483
1473989128981 500
1473989131057 473
1473989133121 1027
