1473988252814 19
1473988254823 26
1473988256840 21
1473988258850 19
1473988260860 19
1473988262870 21
1473988264884 25
1473988266900 22
1473988268914 25
1473988270930 23
1473988272940 23
1473988274953 16
1473988276960 21
1473988278970 22
1473988280984 27
1473988283000 19
1473988285010 21
1473988287020 18
1473988289034 15
1473988291041 18
1473988293055 24
1473988295071 18
1473988297081 22
1473988299091 18
1473988301097 25
1473988303113 17
1473988305122 16
1473988307131 20
1473988309140 19
1473988311154 20
