1473988008297 -7
1473988010326 -10
1473988012347 -12
1473988014377 -21
1473988016407 -2
1473988018437 -37
1473988020459 -23
1473988022487 -27
1473988024507 -11
1473988026537 -14
1473988028567 -24
1473988030601 -22
1473988032627 -19
1473988034657 -11
1473988036687 -33
1473988038707 -17
1473988040737 -7
1473988042767 79
1473988044797 19
1473988046827 77
1473988048852 80
1473988050877 17
1473988052901 -3
1473988054927 -12
1473988056956 270
1473988058976 254
1473988060997 256
1473988063027 57
1473988065058 268
1473988067087 259
1473988069107 257
1473988500821 112
1473988502850 84
1473988504874 90
1473988506901 94
1473988508931 81
1473988510950 130
1473988512980 94
1473988515011 88
1473988517041 103
1473988519072 91
1473988521100 96
1473988523130 113
1473988525150 81
1473988527171 87
1473988529201 185
1473988531231 139
1473988533250 86
1473988535274 89
1473988537301 143
1473988539335 80
1473988541359 80
1473988543381 86
1473988545411 100
1473988547443 101
1473988549474 95
1473988551504 96
1473988553531 81
1473988555551 91
1473988557581 88
1473988559601 97
1473988561631 78
