1473988071140 265
1473988073167 271
1473988075197 262
1473988077226 264
1473988079256 273
1473988081286 256
1473988083306 14
1473988085337 261
1473988087357 277
1473988089387 273
1473988091417 277
1473988093447 267
1473988095477 266
1473988097507 273
1473988099547 360
1473988101577 324
1473988103607 296
1473988105636 286
1473988107666 27
1473988109697 109
1473988111727 166
1473988113757 170
1473988115787 254
1473988117816 177
1473988563653 143
1473988565681 127
1473988567711 119
1473988569741 134
1473988571771 133
1473988573801 128
1473988575831 177
1473988577860 114
1473988579891 128
1473988581934 108
1473988583961 122
1473988585991 132
1473988588021 123
1473988590050 170
1473988592094 120
1473988594121 114
1473988596151 122
1473988598181 116
1473988600203 129
1473988602231 134
1473988604261 163
1473988606291 146
1473988608343 131
1473988610372 117
1473988612401 131
1473988614431 113
1473988616461 161
1473988618491 127
1473988620520 119
1473988622550 128
1473988624581 127
