1473988626611 179
1473988628652 151
1473988630694 206
1473988632731 146
1473988634761 144
1473988636795 239
1473988638831 159
1473988640861 166
1473988642903 157
1473988644941 248
1473988646999 144
1473988649043 157
1473988651083 142
1473988653100 151
1473988655140 159
1473988657183 156
1473988659210 190
1473988661250 168
1473988663290 216
1473988665333 140
1473988667360 153
1473988669401 152
1473988671441 153
1473988673481 185
1473988675521 167
1473988677551 217
1473988679591 156
1473988681631 182
1473988683688 133
1473988685721 170
1473988687751 165
