1473988689791 245
1473988691831 226
1473988693894 192
1473988695941 185
1473988697981 176
1473988700011 169
1473988702051 180
1473988704091 300
1473988706142 182
1473988708180 238
1473988710221 167
1473988712260 170
1473988714301 175
1473988716342 178
1473988718381 250
1473988720411 175
1473988722451 197
1473988724491 179
1473988726531 170
1473988728561 190
1473988730601 177
1473988732641 182
1473988734681 215
1473988736711 229
1473988738751 176
1473988740791 184
1473988742831 177
1473988744861 185
1473988746901 178
1473988748952 262
1473988751001 237
