1473988375586 42
1473988377601 45
1473988379621 48
1473988381644 44
1473988383664 43
1473988385681 45
1473988387703 42
1473988389721 54
1473988391743 44
1473988393761 47
1473988395784 39
1473988397804 41
1473988399821 43
1473988401844 44
1473988403861 46
1473988405881 42
1473988407901 44
1473988409921 43
1473988411941 44
1473988413961 53
1473988415985 41
1473988418001 43
1473988420021 46
1473988422041 46
1473988424061 46
1473988426081 52
1473988428101 50
1473988430121 48
1473988432141 45
1473988434161 44
1473988436180 45
