1473988753041 231
1473988755091 228
1473988757141 238
1473988759191 238
1473988761241 207
1473988763291 239
1473988765341 278
1473988767401 218
1473988769445 227
1473988771492 220
1473988773541 222
1473988775590 204
1473988777641 220
1473988779690 213
1473988781740 276
1473988783790 242
1473988785850 223
1473988787901 229
1473988789950 206
1473988792000 201
1473988794051 207
1473988796101 211
1473988798153 260
1473988800200 261
1473988802250 203
1473988804301 202
1473988806351 250
1473988808401 229
1473988810451 204
1473988812503 226
1473988814548 269
