1473988816601 261
1473988818651 255
1473988820701 296
1473988822751 238
1473988824801 266
1473988826851 240
1473988828900 236
1473988830950 223
1473988833000 300
1473988835051 265
1473988837101 252
1473988839151 250
1473988841201 227
1473988843251 216
1473988845301 228
1473988847351 235
1473988849404 312
1473988851450 280
1473988853501 251
1473988855551 231
1473988857601 229
1473988859651 228
1473988861701 213
1473988863751 236
1473988865801 325
1473988867851 235
1473988869901 247
1473988871951 231
1473988874001 232
1473988876050 219
1473988878103 235
