1473988880151 273
1473988882211 375
1473988884261 303
1473988886315 339
1473988888361 281
1473988890411 288
1473988892479 291
1473988894542 264
1473988896601 282
1473988898661 278
1473988900714 369
1473988902761 372
1473988904811 334
1473988906884 248
1473988908920 244
1473988910960 229
1473988913010 283
1473988915070 269
1473988917131 246
1473988919171 331
1473988921240 287
1473988923271 256
1473988925320 248
1473988927370 273
1473988929420 261
1473988931470 255
1473988933510 337
1473988935556 324
1473988937611 293
1473988939661 271
1473988941721 246
