1473988943766 319
1473988945831 283
1473988947881 568
1473988949953 376
1473988952011 602
1473988954084 288
1473988956122 336
1473988958171 327
1473988960244 320
1473988962302 281
1473988964361 296
1473988966411 284
1473988968461 315
1473988970521 420
1473988972591 344
1473988974656 354
1473988976710 273
1473988978760 300
1473988980830 258
1473988982880 276
1473988984920 287
1473988986970 477
1473988989020 448
1473988991070 338
1473988993120 279
1473988995169 301
1473988997221 292
1473988999271 326
1473989001319 306
1473989003371 306
1473989005421 323
