1473983511523 1868
1473983513571 1300
1473983515634 1564
1473983517683 1051
1473983519734 1358
1473983521813 1431
1473983523872 1346
1473983525926 1437
1473983527974 1253
1473983530033 1363
1473983532083 988
1473983534150 1414
1473983536204 1106
1473983538252 989
1473983540314 991
1473983542362 1136
1473983544433 1090
1473983546504 1090
1473983548562 1145
1473983550632 1095
1473983552682 1127
1473983554731 1048
1473983556792 1068
1473983558862 1314
1473983560942 928
1473983563002 1433
1473983565051 1134
1473983567102 822
1473983569163 1285
1473983571244 1086
1473983573294 1163
