1473982941433 113
1473982943459 111
1473982945482 107
1473982947502 109
1473982949523 147
1473982951544 148
1473982953576 112
1473982955610 105
1473982957632 140
1473982959655 99
1473982961679 112
1473982963704 115
1473982965728 111
1473982967752 126
1473982969779 106
1473982971802 106
1473982973822 149
1473982975853 149
1473982977873 122
1473982979899 102
1473982981930 125
1473982983952 168
1473982985973 159
1473982987998 130
1473982990030 105
1473982992054 110
1473982994072 107
1473982996094 113
1473982998118 101
1473983000143 113
1473983002163 120
