1473982816190 40
1473982818209 40
1473982820224 43
1473982822242 47
1473982824270 33
1473982826288 39
1473982828302 46
1473982830322 45
1473982832344 39
1473982834363 35
1473982836373 52
1473982838400 39
1473982840413 38
1473982842423 47
1473982844443 40
1473982846457 37
1473982848473 40
1473982850498 39
1473982852513 34
1473982854534 37
1473982856560 32
1473982858579 34
1473982860593 47
1473982862625 59
1473982864642 41
1473982866669 30
1473982868688 35
1473982870703 38
1473982872722 48
1473982874750 29
1473982876764 33
