1473983575352 1320
1473983577434 1294
1473983579493 1226
1473983581562 1242
1473983583634 1291
1473983585692 1315
1473983587742 1176
1473983589797 1417
1473983591852 1373
1473983593903 1262
1473983595952 1228
1473983598004 1363
1473983600051 1291
1473983602102 1121
1473983604147 1230
1473983606204 1308
1473983608252 1297
1473983610306 1339
1473983612354 1143
1473983614404 1260
1473983616460 1312
1473983618512 1275
1473983620561 1433
1473983622612 1352
1473983624662 1306
1473983626714 917
1473983628763 1135
1473983630812 1408
1473983632862 1273
1473983634912 1404
1473983636967 1366
