1473983639013 1451
1473983641074 2601
1473983643132 2113
1473983645193 1782
1473983647259 1604
1473983649324 1648
1473983651382 2122
1473983653443 1900
1473983655512 2425
1473983657582 2078
1473983659642 1885
1473983661702 1915
1473983663763 1997
1473983665823 1976
1473983667882 1877
1473983669943 2021
1473983672012 1871
1473983674073 1989
1473983676132 1727
1473983678194 1830
1473983680256 2008
1473983682322 2074
1473983684383 2952
1473983686442 2932
1473983688503 2672
1473983690564 2373
1473983692618 1429
1473983694674 2157
1473983696739 2432
1473983698833 2363
1473983700922 2364
