1473982695181 27
1473982697194 35
1473982699212 26
1473982701222 23
1473982703235 35
1473982705253 26
1473982707269 31
1473982709285 33
1473982711302 29
1473982713314 31
1473982715333 28
1473982717350 30
1473982719364 21
1473982721375 34
1473982723393 25
1473982725408 24
1473982727425 34
1473982729442 29
1473982731458 37
1473982733482 27
1473982735499 30
1473982737515 29
1473982739534 37
1473982741553 25
1473982743563 15
1473982745580 26
1473982747593 24
1473982749608 26
1473982751627 34
1473982753644 37
1473982755662 25
1473982757671 24
1473982759689 32
1473982761709 33
1473982763723 32
1473982765737 33
1473982767754 36
1473982769776 31
1473982771794 40
1473982773821 28
1473982775840 30
1473982777853 35
1473982779872 29
1473982781887 33
1473982783905 35
1473982785922 28
1473982787933 17
1473982789948 33
1473982791964 39
1473982793985 34
1473982796004 38
1473982798025 45
1473982800042 29
1473982802053 44
1473982804072 35
1473982806088 35
1473982808107 27
1473982810123 37
1473982812146 45
1473982814173 24
