1473983004184 186
1473983006208 150
1473983008233 190
1473983010264 283
1473983012294 179
1473983014324 237
1473983016353 164
1473983018382 136
1473983020413 158
1473983022444 323
1473983024474 237
1473983026502 230
1473983028523 245
1473983030552 192
1473983032586 273
1473983034614 183
1473983036644 240
1473983038672 233
1473983040709 209
1473983042750 196
1473983044789 171
1473983046814 196
1473983048834 180
1473983050863 206
1473983052893 159
1473983054922 155
1473983056954 186
1473983058983 272
1473983061016 240
1473983063043 152
1473983065074 229
