1473983067102 314
1473983069133 392
1473983071173 356
1473983073204 329
1473983075234 201
1473983077262 231
1473983079293 322
1473983081333 169
1473983083363 335
1473983085394 382
1473983087424 317
1473983089462 518
1473983091494 340
1473983093533 336
1473983095573 204
1473983097612 236
1473983099643 153
1473983101684 309
1473983103714 312
1473983105742 341
1473983107774 361
1473983109816 166
1473983111853 303
1473983113882 379
1473983115912 203
1473983117944 245
1473983119984 264
1473983122015 285
1473983124054 224
1473983126093 356
1473983128124 234
