1473983130163 218
1473983132203 537
1473983134253 447
1473983136293 187
1473983138334 301
1473983140376 414
1473983142413 313
1473983144453 497
1473983146502 285
1473983148542 306
1473983150583 302
1473983152624 214
1473983154674 269
1473983156702 407
1473983158744 202
1473983160782 226
1473983162823 429
1473983164863 311
1473983166913 338
1473983168954 240
1473983170984 466
1473983173022 233
1473983175062 213
1473983177102 226
1473983179142 299
1473983181182 607
1473983183222 585
1473983185260 502
1473983187302 501
1473983189342 523
1473983191384 423
