1473983193422 591
1473983195482 609
1473983197532 533
1473983199576 676
1473983201625 639
1473983203662 483
1473983205704 536
1473983207742 667
1473983209794 542
1473983211832 347
1473983213883 634
1473983215934 656
1473983217984 494
1473983220022 614
1473983222053 669
1473983224104 660
1473983226154 692
1473983228202 628
1473983230253 591
1473983232302 339
1473983234345 579
1473983236392 668
1473983238442 578
1473983240484 268
1473983242512 271
1473983244562 341
1473983246613 368
1473983248662 275
1473983250713 373
1473983252752 617
1473983254794 471
