1473982878782 146
1473982880804 148
1473982882823 75
1473982884843 62
1473982886863 67
1473982888882 82
1473982890902 62
1473982892922 110
1473982894942 76
1473982896962 75
1473982898983 77
1473982901010 121
1473982903033 77
1473982905058 62
1473982907074 70
1473982909097 82
1473982911114 76
1473982913140 82
1473982915164 93
1473982917187 89
1473982919208 71
1473982921230 83
1473982923253 71
1473982925272 85
1473982927295 83
1473982929314 84
1473982931334 70
1473982933359 71
1473982935379 89
1473982937392 80
1473982939415 79
