1473983256832 263
1473983258873 270
1473983260922 374
1473983262973 274
1473983265022 495
1473983267073 817
1473983269124 778
1473983271174 564
1473983273224 346
1473983275263 638
1473983277354 878
1473983279404 551
1473983281444 630
1473983283493 760
1473983285544 754
1473983287597 677
1473983289634 449
1473983291672 736
1473983293694 715
1473983295734 682
1473983297776 647
1473983299814 755
1473983301863 761
1473983303912 839
1473983305954 717
1473983307994 788
1473983310058 562
1473983312094 611
1473983314144 584
1473983316194 734
1473983318232 764
