1473983320275 753
1473983322335 767
1473983324388 775
1473983326434 647
1473983328474 350
1473983330512 664
1473983332575 815
1473983334624 810
1473983336674 415
1473983338712 399
1473983340742 746
1473983342802 424
1473983344863 892
1473983346912 872
1473983348958 769
1473983351004 870
1473983353062 448
1473983355112 878
1473983357174 911
1473983359239 912
1473983361282 366
1473983363342 354
1473983365392 381
1473983367455 692
1473983369504 863
1473983371554 309
1473983373594 762
1473983375655 619
1473983377694 1202
1473983379752 1372
1473983381813 1161
