1473983383874 485
1473983385944 422
1473983387992 1130
1473983390054 868
1473983392114 1088
1473983394184 1157
1473983396244 846
1473983398282 881
1473983400342 1031
1473983402400 1386
1473983404462 1116
1473983406514 1024
1473983408564 965
1473983410602 827
1473983412664 413
1473983414714 929
1473983416759 735
1473983418804 559
1473983420864 833
1473983422912 751
1473983424973 664
1473983427033 939
1473983429096 457
1473983431152 725
1473983433213 905
1473983435303 1013
1473983437354 1078
1473983439420 806
1473983441472 1058
1473983443544 1099
1473983445595 758
