1473983447644 1006
1473983449714 1726
1473983451764 1437
1473983453835 1552
1473983455882 1314
1473983457932 1378
1473983460002 1001
1473983462054 1263
1473983464112 1675
1473983466193 1386
1473983468242 1519
1473983470314 1409
1473983472362 1582
1473983474432 1439
1473983476482 1298
1473983478552 1613
1473983480625 1244
1473983482682 1762
1473983484752 1626
1473983486822 1787
1473983488893 1668
1473983490953 1690
1473983493022 1669
1473983495081 1734
1473983497129 1856
1473983499192 1721
1473983501244 1624
1473983503292 1484
1473983505352 1370
1473983507402 1490
1473983509464 1347
