1473926036536 965
1473926038575 928
1473926040615 453
1473926042655 508
1473926044706 1175
1473926046755 1196
1473926048796 1263
1473926050837 954
1473926052885 322
1473926054935 1004
1473926056976 971
1473926059015 1082
1473926061065 632
1473926063114 771
1473926065159 1307
1473926067204 756
1473926069245 -1473926069245
1473926071285 913
1473926073334 434
1473926075374 525
1473926077424 1248
1473926079468 705
1473926081514 -1473926081514
1473926083558 898
1473926085604 819
1473926087644 449
1473926089695 536
1473926091734 537
1473926093777 628
1473926095823 815
1473926097867 687
