1473925466390 185
1473925468419 280
1473925470450 -1473925470450
1473925472480 531
1473925474509 -162
1473925476542 -128
1473925478567 193
1473925480589 311
1473925482619 311
1473925484649 431
1473925486679 532
1473925488702 61
1473925490729 117
1473925492759 228
1473925494782 351
1473925496809 472
1473925498839 593
1473925500869 589
1473925502898 77
1473925504929 161
1473925506959 252
1473925508980 391
1473925511009 511
1473925513031 127
1473925515058 67
1473925517088 188
1473925519118 281
1473925521149 278
1473925523178 407
1473925525209 498
1473925527239 73
