1473925340814 270
1473925342835 398
1473925344858 130
1473925346883 35
1473925348913 76
1473925350933 204
1473925352953 334
1473925354973 464
1473925356989 88
1473925359013 23
1473925361028 137
1473925363053 164
1473925365072 295
1473925367102 414
1473925369126 541
1473925371152 154
1473925373182 27
1473925375202 79
1473925377222 208
1473925379246 338
1473925381272 75
1473925383288 40
1473925385319 117
1473925387341 146
1473925389367 266
1473925391391 395
1473925393411 524
1473925395442 134
1473925397461 36
1473925399496 -1473925399496
1473925401521 193
