1473926099912 915
1473926101957 880
1473926104004 536
1473926106053 301
1473926108103 -1473926108103
1473926110154 684
1473926112204 794
1473926114245 730
1473926116294 1489
1473926118341 1738
1473926120394 1753
1473926122443 1769
1473926124493 1817
1473926126854 1586
1473926128904 1732
1473926130953 1314
1473926133003 1356
1473926135054 1245
1473926137104 1461
1473926139153 -1473926139153
1473926141203 1534
1473926143263 1576
1473926145321 949
1473926147371 1269
1473926149423 1267
1473926151473 1366
1473926153523 710
1473926155572 1275
1473926157623 1433
1473926159676 990
1473926161722 1554
