1473926163773 1594
1473926165832 1758
1473926167893 1231
1473926169942 673
1473926171992 1342
1473926174052 1516
1473926176112 876
1473926178172 947
1473926180229 936
1473926182279 -1473926182279
1473926184336 1788
1473926186392 2034
1473926188452 1807
1473926190512 2035
1473926192570 2055
1473926194631 2061
1473926196682 -1473926196682
1473926198734 -1473926198734
1473926200806 -1473926200806
1473926202920 2405
1473926205060 2374
1473926207175 2500
1473926209319 2982
1473926211438 3003
1473926213568 3010
1473926215713 3063
1473926217831 3143
1473926219960 -1473926219960
1473926222089 2980
1473926224201 3007
1473926226362 2964
