1473925219475 383
1473925221494 107
1473925223515 131
1473925225539 161
1473925227562 178
1473925229587 301
1473925231608 431
1473925233632 556
1473925235656 19
1473925237672 106
1473925239683 121
1473925241715 245
1473925243734 376
1473925245755 113
1473925247784 135
1473925249806 152
1473925251826 183
1473925253852 306
1473925255875 433
1473925257896 562
1473925259919 80
1473925261945 98
1473925263970 107
1473925265995 253
1473925268013 383
1473925270034 512
1473925272054 127
1473925274075 146
1473925276104 -1473925276104
1473925278129 298
1473925280147 430
1473925282175 439
1473925284194 66
1473925286216 34
1473925288245 113
1473925290265 254
1473925292294 372
1473925294314 502
1473925296334 111
1473925298354 33
1473925300385 161
1473925302404 173
1473925304424 305
1473925306451 431
1473925308474 61
1473925310494 91
1473925312513 112
1473925314529 245
1473925316554 373
1473925318573 502
1473925320596 119
1473925322611 25
1473925324633 81
1473925326664 202
1473925328678 337
1473925330703 463
1473925332723 82
1473925334743 104
1473925336760 37
1473925338792 138
