1473925529268 -69
1473925531308 -1473925531308
1473925533338 312
1473925535368 438
1473925537398 548
1473925539427 537
1473925541458 104
1473925543487 203
1473925545517 -1473925545517
1473925547547 327
1473925549578 461
1473925551607 583
1473925553637 563
1473925555663 79
1473925557690 122
1473925559718 244
1473925561748 367
1473925563779 493
1473925565817 610
1473925567847 210
1473925569877 102
1473925571907 251
1473925573936 371
1473925575967 377
1473925577997 501
1473925580027 588
1473925582066 96
1473925584097 150
1473925586127 271
1473925588152 389
1473925590186 507
