1473925592216 645
1473925594257 610
1473925596289 138
1473925598326 163
1473925600365 259
1473925602407 382
1473925604447 491
1473925606486 602
1473925608525 610
1473925610566 -99
1473925612613 303
1473925614656 243
1473925616689 322
1473925618725 457
1473925620766 557
1473925622809 642
1473925624866 -1473925624866
1473925626903 -1473925626903
1473925628948 -35
1473925630985 -1473925630985
1473925633025 489
1473925635066 474
1473925637105 -1473925637105
1473925639142 1662
1473925641196 225
1473925643235 144
1473925645275 -1473925645275
1473925647316 419
1473925649355 525
1473925651395 548
1473925653427 -1473925653427
