1473925655465 244
1473925657505 205
1473925659545 293
1473925661585 450
1473925663625 -1473925663625
1473925665672 618
1473925667714 612
1473925669755 191
1473925671796 308
1473925673844 286
1473925675884 343
1473925677925 428
1473925679964 545
1473925682014 629
1473925684054 -119
1473925686095 311
1473925688154 254
1473925690194 -1473925690194
1473925692234 480
1473925694274 475
1473925696317 589
1473925698364 616
1473925700404 243
1473925702444 262
1473925704484 282
1473925706523 451
1473925708564 546
1473925710603 534
1473925712654 619
1473925714693 163
1473925716735 142
