1473925718783 280
1473925720833 382
1473925722875 490
1473925724923 606
1473925726963 575
1473925729024 650
1473925731083 188
1473925733133 277
1473925735183 259
1473925737229 338
1473925739283 165
1473925741332 571
1473925743384 538
1473925745422 630
1473925747473 -1473925747473
1473925749522 278
1473925751572 265
1473925753614 -1473925753614
1473925755662 456
1473925757705 551
1473925759752 664
1473925761798 625
1473925763842 177
1473925765892 -1473925765892
1473925767938 285
1473925769994 354
1473925772042 490
1473925774091 580
1473925776141 540
1473925778192 2022
1473925780242 -1473925780242
