1473925403539 343
1473925405571 462
1473925407601 579
1473925409632 52
1473925411651 119
1473925413680 118
1473925415711 237
1473925417730 362
1473925419760 463
1473925421791 53
1473925423821 138
1473925425851 159
1473925427880 267
1473925429911 384
1473925431941 508
1473925433965 127
1473925435991 45
1473925438010 64
1473925440040 192
1473925442070 319
1473925444100 437
1473925446121 565
1473925448150 169
1473925450180 53
1473925452210 110
1473925454231 232
1473925456260 359
1473925458279 488
1473925460310 98
1473925462339 50
1473925464363 134
