1473925782292 305
1473925784342 390
1473925786392 376
1473925788441 460
1473925790501 564
1473925792547 578
1473925794588 675
1473925796642 217
1473925798691 325
1473925800741 299
1473925802791 345
1473925804842 448
1473925806901 558
1473925808961 640
1473925811011 616
1473925813061 716
1473925815111 253
1473925817160 343
1473925819221 327
1473925821271 -1473925821271
1473925823331 -1473925823331
1473925825381 567
1473925827432 697
1473925829480 695
1473925831530 -1473925831530
1473925833590 304
1473925835639 363
1473925837701 368
1473925839750 462
1473925841800 571
1473925843861 675
