1473925845910 676
1473925847960 694
1473925850020 697
1473925852070 991
1473925854129 386
1473925856183 1805
1473925858240 1143
1473925860300 -1473925860300
1473925862360 1268
1473925864420 1237
1473925866470 711
1473925868529 -1473925868529
1473925870589 896
1473925872640 976
1473925874690 1018
1473925876749 446
1473925878809 1177
1473925880869 646
1473925882929 -1473925882929
1473925885289 589
1473925887340 1149
1473925889400 -1473925889400
1473925891451 1603
1473925893509 1469
1473925895559 1653
1473925897619 1725
1473925899669 960
1473925901719 1118
1473925903779 1783
1473925905829 1845
1473925907887 1353
