1473925909938 1303
1473925911999 1455
1473925914039 1497
1473925916079 1033
1473925918118 1750
1473925920169 1219
1473925922209 1405
1473925924258 1731
1473925926299 1433
1473925928339 964
1473925930371 1077
1473925932419 1542
1473925934459 428
1473925936498 848
1473925938538 1885
1473925940577 1217
1473925942611 719
1473925944658 232
1473925946698 849
1473925948738 376
1473925950777 549
1473925952821 667
1473925954858 721
1473925956898 677
1473925958930 -52
1473925960968 750
1473925963007 410
1473925965057 412
1473925967098 523
1473925969138 642
1473925971177 660
