1473925973214 767
1473925975266 299
1473925977309 36
1473925979350 899
1473925981386 992
1473925983425 705
1473925985477 472
1473925987516 751
1473925989556 719
1473925991607 889
1473925993649 908
1473925995689 462
1473925997737 508
1473925999777 644
1473926001819 763
1473926003856 779
1473926005897 740
1473926007937 863
1473926009977 933
1473926012017 510
1473926014059 1205
1473926016100 765
1473926018146 762
1473926020186 663
1473926022237 742
1473926024278 888
1473926026319 461
1473926028365 1042
1473926030406 731
1473926032456 757
1473926034496 889
