1473141738391 1473141738637
1473141740400 1473141741289
1473141742429 1473141742961
1473141744441 1473141744768
1473141746449 1473141746772
1473141748478 1473141748748
1473141750485 1473141750802
1473141752494 1473141752846
1473141754512 1473141754899
1473141756519 1473141756897
1473141758536 1473141759110
1473141760552 1473141760881
1473141762559 1473141762957
1473141764570 1473141764836
1473141766586 1473141766879
1473141768593 1473141769014
1473141770611 1473141771094
1473141772636 1473141772924
1473141774643 1473141774971
1473141776659 1473141777031
1473141778690 1473141778984
1473141780701 1473141781001
1473141782731 1473141783068
1473141784758 1473141785105
1473141786766 1473141787046
1473141788792 1473141789109
1473141790799 1473141791008
1473141792807 1473141793101
1473141794820 1473141795048
1473141796827 1473141797112
1473141798837 1473141799152
1473141800845 1473141801197
1473141802853 1473141803165
1473141804867 1473141805218
1473141806874 1473141807120
1473141808882 1473141809166
1473141810911 1473141811224
1473141812918 1473141813283
1473141814934 1473141815195
1473141816946 1473141817260
1473141818954 1473141819307
1473141820964 1473141821240
1473141822971 1473141823309
1473141824980 1473141825301
1473141826991 1473141827302
1473141829002 1473141829354
1473141831011 1473141831326
1473141833020 1473141833326
1473141835030 1473141835272
1473141837038 1473141837348
1473141839048 1473141839371
1473141841057 1473141841336
1473141843068 1473141843321
1473141845084 1473141845449
1473141847095 1473141847411
1473141849104 1473141849420
1473141851113 1473141851450
