1473141487747 1473141487897
1473141489748 1473141490134
1473141491749 1473141491858
1473141493751 1473141493907
1473141495753 1473141495789
1473141497755 1473141497899
1473141499757 1473141499850
1473141501758 1473141501897
1473141503761 1473141503839
1473141505762 1473141505886
1473141507763 1473141507805
1473141509765 1473141509885
1473141511766 1473141511826
1473141513767 1473141513875
1473141515769 1473141515927
1473141517770 1473141517867
1473141519771 1473141519907
1473141521772 1473141521866
1473141523773 1473141523981
1473141525775 1473141525856
1473141527776 1473141527895
1473141529777 1473141529843
1473141531778 1473141531894
1473141533780 1473141533845
1473141535781 1473141535896
1473141537782 1473141537925
1473141539784 1473141539885
1473141541785 1473141541937
1473141543787 1473141543878
1473141545789 1473141545932
1473141547791 1473141547880
1473141549792 1473141549916
1473141551793 1473141551868
1473141553795 1473141553917
1473141555796 1473141555856
1473141557797 1473141557905
1473141559799 1473141560050
1473141561803 1473141561907
1473141563805 1473141563851
1473141565806 1473141565893
1473141567807 1473141567944
1473141569808 1473141570182
1473141571809 1473141571939
1473141573811 1473141573890
1473141575812 1473141575937
1473141577816 1473141578268
1473141579817 1473141579932
1473141581818 1473141581976
1473141583820 1473141583916
1473141585821 1473141585967
1473141587823 1473141587923
1473141589827 1473141589959
1473141591828 1473141591910
1473141593830 1473141593954
1473141595831 1473141595909
