1473141350859 1473141350960
1473141352860 1473141353012
1473141354860 1473141354935
1473141356861 1473141356985
1473141358861 1473141358934
1473141360862 1473141360980
1473141362862 1473141362916
1473141364863 1473141364971
1473141366863 1473141366911
1473141368864 1473141368961
1473141370864 1473141370911
1473141372865 1473141372961
1473141374865 1473141374885
1473141376866 1473141376951
1473141378867 1473141379001
1473141380867 1473141380941
1473141382868 1473141382991
1473141384869 1473141384941
1473141386869 1473141386981
1473141388870 1473141388917
1473141390871 1473141390981
1473141392871 1473141392920
1473141394872 1473141394961
1473141396873 1473141396920
1473141398873 1473141398970
1473141400874 1473141401010
1473141402875 1473141402960
1473141404875 1473141405005
1473141406876 1473141406951
1473141408876 1473141409000
1473141410876 1473141410950
1473141412877 1473141412990
1473141414878 1473141414940
1473141416879 1473141416990
1473141418879 1473141418924
1473141420880 1473141420980
1473141422880 1473141422892
1473141424881 1473141424977
1473141426881 1473141427019
1473141428882 1473141428964
1473141430882 1473141430896
1473141432883 1473141432959
1473141434883 1473141435009
1473141436884 1473141436959
1473141438885 1473141438999
1473141440886 1473141440949
1473141442886 1473141442998
1473141444887 1473141444939
1473141446888 1473141446983
1473141448889 1473141448939
1473141450890 1473141450988
1473141452890 1473141453028
1473141454891 1473141454973
1473141456891 1473141457028
1473141458891 1473141458968
1473141460892 1473141461013
