1473141203974 1473141204125
1473141205975 1473141206046
1473141207975 1473141208097
1473141209976 1473141210047
1473141211976 1473141212081
1473141213977 1473141214036
1473141215977 1473141216086
1473141217978 1473141218024
1473141219978 1473141220074
1473141221979 1473141222024
1473141223979 1473141224212
1473141225979 1473141226114
1473141227980 1473141228064
1473141229980 1473141230114
1473141231981 1473141232054
1473141233981 1473141234103
1473141235981 1473141236044
1473141237982 1473141238094
1473141239982 1473141240043
1473141241983 1473141242093
1473141243983 1473141244033
1473141245984 1473141246083
1473141247984 1473141248034
1473141249984 1473141250073
1473141251985 1473141252023
1473141253985 1473141254988
1473141255986 1473141256123
1473141257987 1473141258063
1473141259987 1473141260113
1473141261987 1473141262053
1473141263988 1473141264103
1473141265988 1473141266053
1473141267989 1473141268103
1473141269989 1473141270043
1473141271989 1473141272093
1473141273990 1473141274000
1473141275990 1473141276082
1473141277991 1473141277997
1473141279991 1473141280082
1473141281992 1473141282132
1473141283992 1473141284073
1473141285992 1473141286122
1473141287993 1473141288062
1473141289993 1473141290112
1473141291994 1473141292063
1473141293994 1473141294112
1473141295995 1473141296053
1473141297995 1473141298101
1473141299995 1473141300052
1473141301996 1473141302092
1473141303996 1473141304042
1473141305997 1473141306091
1473141307997 1473141308037
