1473141611314 1473141611446
1473141613319 1473141613843
1473141615324 1473141615867
1473141617343 1473141617677
1473141619347 1473141619560
1473141621351 1473141621623
1473141623360 1473141623492
1473141625366 1473141625585
1473141627370 1473141627611
1473141629386 1473141629576
1473141631391 1473141631506
1473141633395 1473141633544
1473141635410 1473141635608
1473141637414 1473141637651
1473141639425 1473141639607
1473141641441 1473141641651
1473141643446 1473141643711
1473141645466 1473141645663
1473141647481 1473141647699
1473141649485 1473141649732
1473141651500 1473141651674
1473141653516 1473141653732
1473141655521 1473141655785
1473141657537 1473141657732
1473141659551 1473141659777
1473141661555 1473141661711
1473141663570 1473141663777
1473141665577 1473141665824
1473141667583 1473141667775
1473141669598 1473141669804
1473141671606 1473141671764
1473141673610 1473141673745
1473141675616 1473141676044
1473141677625 1473141678113
1473141679629 1473141679852
1473141681633 1473141681772
1473141683649 1473141683837
1473141685653 1473141685943
1473141687657 1473141687868
1473141689662 1473141689977
1473141691667 1473141691963
1473141693683 1473141693872
1473141695688 1473141696173
1473141697704 1473141697882
1473141699712 1473141699908
1473141701716 1473141701990
1473141703724 1473141704017
1473141705732 1473141705959
1473141707736 1473141707974
1473141709752 1473141710124
1473141711772 1473141712134
1473141713776 1473141714092
1473141715792 1473141715995
1473141717804 1473141718115
1473141719808 1473141720020
1473141721824 1473141722108
1473141723834 1473141724085
