1472973216715 1472973217269
1472973218717 1472973219087
1472973220716 1472973221008
1472973222717 1472973223046
1472973224718 1472973225010
1472973226718 1472973227061
1472973228721 1472973228959
1472973230721 1472973231040
1472973232724 1472973233190
1472973234726 1472973235035
1472973236724 1472973237091
1472973238733 1472973239045
1472973240726 1472973241091
1472973242731 1472973243032
1472973244731 1472973245080
1472973246733 1472973247025
1472973248734 1472973249068
1472973250735 1472973251123
1472973252737 1472973253067
1472973254736 1472973255103
1472973256740 1472973257047
1472973258740 1472973259100
1472973260740 1472973261043
1472973262743 1472973263090
1472973264745 1472973265040
1472973266746 1472973267098
1472973268746 1472973269037
1472973270747 1472973271077
1472973272749 1472973273034
1472973274750 1472973275069
1472973276751 1472973277131
1472973278753 1472973279081
1472973280754 1472973281120
1472973282755 1472973283046
1472973284757 1472973285122
1472973286757 1472973287044
1472973288758 1472973289108
1472973290759 1472973291054
1472973292761 1472973293112
1472973294762 1472973295046
1472973296765 1472973297111
1472973298766 1472973299140
1472973300770 1472973301080
1472973302769 1472973303139
1472973304771 1472973305063
1472973306774 1472973307146
1472973308774 1472973309076
1472973310775 1472973311114
1472973312776 1472973313063
1472973314774 1472973315118
1472973316776 1472973317056
1472973318778 1472973319110
1472973320780 1472973321151
1472973322780 1472973323114
1472973324782 1472973325163
1472973326782 1472973327112
1472973328782 1472973329160
1472973330786 1472973331099
1472973332785 1472973333156
1472973334786 1472973335088
1472973336788 1472973337161
1472973338795 1472973339222
1472973340794 1472973341129
1472973342793 1472973343168
1472973344793 1472973345155
1472973346795 1472973347183
1472973348796 1472973349156
1472973350796 1472973351200
1472973352798 1472973353113
1472973354801 1472973355183
1472973356803 1472973357111
1472973358804 1472973359168
1472973360809 1472973361229
1472973362808 1472973363179
1472973364810 1472973365196
1472973366814 1472973367140
1472973368816 1472973369245
1472973370817 1472973371130
1472973372820 1472973373174
1472973374820 1472973375141
1472973376824 1472973377189
1472973378827 1472973379258
1472973380827 1472973381175
1472973382829 1472973383229
1472973384832 1472973385199
1472973386832 1472973387255
1472973388833 1472973389152
1472973390835 1472973391210
1472973392836 1472973393143
1472973394838 1472973395218
1472973396840 1472973397170
1472973398840 1472973399204
1472973400843 1472973401258
1472973402842 1472973403195
1472973404841 1472973405227
1472973406846 1472973407205
1472973408848 1472973409226
1472973410848 1472973411171
1472973412859 1472973413232
1472973414849 1472973415173
1472973416850 1472973417270
1472973418852 1472973419172
1472973420853 1472973421216
1472973422853 1472973423154
1472973424853 1472973425201
1472973426855 1472973427261
1472973428854 1472973429197
1472973430857 1472973431347
1472973432857 1472973433256
1472973434857 1472973435300
1472973436859 1472973437255
1472973438860 1472973439323
1472973440860 1472973441225
1472973442860 1472973443301
1472973444872 1472973445235
1472973446864 1472973447285
1472973448876 1472973449354
1472973450869 1472973451271
1472973452871 1472973453317
1472973454873 1472973455281
1472973456873 1472973457328
1472973458875 1472973459264
1472973460877 1472973461338
1472973462880 1472973463284
1472973464882 1472973465332
1472973466885 1472973467246
1472973468886 1472973469316
1472973470886 1472973471257
1472973472889 1472973473298
1472973474890 1472973475368
1472973476891 1472973477302
1472973478893 1472973479358
1472973480894 1472973481293
1472973482898 1472973483420
1472973484900 1472973485318
1472973486901 1472973487352
1472973488903 1472973489268
1472973490906 1472973491314
1472973492907 1472973493446
1472973494908 1472973495307
1472973496910 1472973497375
1472973498911 1472973499314
1472973500914 1472973501411
1472973502916 1472973503309
1472973504916 1472973505369
1472973506918 1472973507440
1472973508920 1472973509344
1472973511228 1472973511599
1472973512922 1472973513324
1472973514923 1472973515357
1472973516926 1472973517324
1472973518927 1472973519368
1472973520929 1472973521315
1472973522931 1472973523341
1472973524933 1472973525317
1472973526934 1472973527383
1472973528935 1472973529528
1472973530937 1472973531610
1472973532939 1472973533480
1472973534939 1472973535473
1472973536942 1472973537488
1472973538940 1472973539438
1472973540942 1472973541443
1472973542942 1472973543424
1472973544943 1472973545472
1472973546944 1472973547450
1472973548946 1472973549471
1472973550957 1472973551546
1472973552947 1472973553466
1472973554949 1472973555657
1472973556949 1472973557478
1472973558959 1472973559559
1472973560950 1472973561481
1472973562951 1472973563501
1472973564955 1472973565467
1472973566955 1472973567503
1472973568956 1472973569541
1472973570960 1472973571566
1472973572962 1472973573450
1472973574963 1472973575509
1472973576965 1472973577549
1472973578966 1472973579576
1472973580968 1472973581525
1472973582971 1472973583538
1472973584973 1472973585507
1472973586974 1472973587497
1472973588978 1472973589521
1472973590980 1472973591539
1472973592981 1472973593581
1472973594982 1472973595482
1472973596983 1472973597571
1472973598987 1472973599511
1472973600989 1472973601490
1472973602991 1472973603549
1472973604991 1472973605491
1472973606992 1472973607514
1472973608994 1472973609553
1472973610994 1472973611540
1472973613001 1472973613535
1472973615000 1472973615531
1472973617000 1472973617542
1472973619000 1472973619682
1472973621001 1472973621559
1472973623003 1472973623572
1472973625005 1472973625602
1472973627007 1472973627491
1472973629007 1472973629631
1472973631009 1472973631554
1472973633009 1472973633559
1472973635008 1472973635396
