1472973528935 1472973529792
1472973530937 1472973531400
1472973532939 1472973533403
1472973534939 1472973535308
1472973536942 1472973537280
1472973538940 1472973539292
1472973540942 1472973541393
1472973542942 1472973543475
1472973544943 1472973545377
1472973546944 1472973547326
1472973548946 1472973549311
1472973550957 1472973551318
1472973552947 1472973553278
1472973554949 1472973555421
1472973556949 1472973557330
1472973558959 1472973559436
1472973560950 1472973561346
1472973562951 1472973563283
1472973564955 1472973565367
1472973566955 1472973567278
1472973568956 1472973569558
1472973570960 1472973571374
1472973572962 1472973573348
1472973574963 1472973575307
1472973576965 1472973577385
1472973578966 1472973579368
1472973580968 1472973581290
1472973582971 1472973583371
1472973584973 1472973585371
1472973586974 1472973587363
1472973588978 1472973589333
1472973590980 1472973591407
1472973592981 1472973593393
1472973594982 1472973595505
1472973596983 1472973597421
1472973598987 1472973599455
1472973600989 1472973601330
1472973602991 1472973603390
1472973604991 1472973605349
1472973606992 1472973607294
1472973608994 1472973609476
1472973610994 1472973611430
1472973613001 1472973613552
1472973615000 1472973615345
1472973617000 1472973617395
1472973619000 1472973619579
1472973621001 1472973621351
1472973623003 1472973623320
1472973625005 1472973625455
1472973627007 1472973627330
1472973629007 1472973629443
1472973631009 1472973631454
1472973633009 1472973633361
1472973635008 1472973635316
