1472973322780 1472973325524
1472973324782 1472973325930
1472973326782 1472973327566
1472973328782 1472973330128
1472973330786 1472973331765
1472973332785 1472973333713
1472973334786 1472973335556
1472973336788 1472973337499
1472973338795 1472973340175
1472973340794 1472973343558
1472973342793 1472973343952
1472973344793 1472973345588
1472973346795 1472973347534
1472973348796 1472973350811
1472973350796 1472973351425
1472973352798 1472973353575
1472973354801 1472973356037
1472973356803 1472973357774
1472973358804 1472973359827
1472973360809 1472973361460
1472973362808 1472973363509
1472973364810 1472973365453
1472973366814 1472973367501
1472973368816 1472973370178
1472973370817 1472973373545
1472973372820 1472973373850
1472973374820 1472973375591
1472973376824 1472973377535
1472973378827 1472973379481
1472973380827 1472973381633
1472973382829 1472973383488
1472973384832 1472973385631
1472973386832 1472973387471
1472973388833 1472973394843
1472973390835 1472973395560
1472973392836 1472973395972
1472973394838 1472973396274
1472973396840 1472973397505
1472973398840 1472973399553
1472973400843 1472973401600
1472973402842 1472973404262
1472973404841 1472973405904
1472973406846 1472973407951
1472973408848 1472973409594
1472973410848 1472973411532
1472973412859 1472973413477
1472973414849 1472973415628
1472973416850 1472973417471
1472973418852 1472973419627
1472973420853 1472973421571
1472973422853 1472973423524
1472973424853 1472973425665
1472973426855 1472973427609
1472973428854 1472973430271
1472973430857 1472973432128
1472973432857 1472973434061
1472973434857 1472973435904
1472973436859 1472973437746
1472973438860 1472973439692
1472973440860 1472973441742
1472973442860 1472973443685
1472973444872 1472973446253
1472973446864 1472973448089
1472973448876 1472973450034
1472973450869 1472973451876
1472973452871 1472973454334
1472973454873 1472973455972
1472973456873 1472973457917
1472973458875 1472973459762
1472973460877 1472973462116
1472973462880 1472973464163
1472973464882 1472973466007
1472973466885 1472973467748
1472973468886 1472973469898
1472973470886 1472973471742
1472973472889 1472973473789
1472973474890 1472973476865
1472973476891 1472973477988
1472973478893 1472973479728
1472973480894 1472973481674
1472973482898 1472973483619
1472973484900 1472973485667
1472973486901 1472973487818
1472973488903 1472973489865
1472973490906 1472973491711
1472973492907 1472973493859
1472973494908 1472973495704
1472973496910 1472973497751
1472973498911 1472973499799
1472973500914 1472973501748
1472973502916 1472973503690
1472973504916 1472973505740
1472973506918 1472973507688
1472973508920 1472973509738
1472973511228 1472973512087
1472973512922 1472973514340
1472973514923 1472973515977
1472973516926 1472973517820
1472973518927 1472973519869
1472973520929 1472973522327
1472973522931 1472973524277
1472973524933 1472973527960
1472973526934 1472973529904
1472973528935 1472973530220
1472973530937 1472973531849
1472973532939 1472973533896
1472973534939 1472973535955
1472973536942 1472973537897
1472973538940 1472973539940
1472973540942 1472973542090
1472973542942 1472973544343
1472973544943 1472973546286
1472973546944 1472973548642
1472973548946 1472973550283
1472973550957 1472973552234
1472973552947 1472973554069
1472973554949 1472973556016
1472973556949 1472973557959
1472973558959 1472973560009
1472973560950 1472973563906
1472973562951 1472973564720
1472973564955 1472973566051
1472973566955 1472973568098
1472973568956 1472973570659
1472973570960 1472973572301
1472973572962 1472973574139
1472973574963 1472973575981
1472973576965 1472973577932
1472973578966 1472973580079
1472973580968 1472973582024
1472973582971 1472973584072
1472973584973 1472973586019
1472973586974 1472973588064
1472973588978 1472973589917
1472973590980 1472973591959
1472973592981 1472973594008
1472973594982 1472973596461
1472973596983 1472973598406
1472973598987 1472973600155
1472973600989 1472973602095
1472973602991 1472973604039
1472973604991 1472973606600
1472973606992 1472973608339
1472973608994 1472973610296
1472973610994 1472973612026
1472973613001 1472973614073
1472973615000 1472973618170
1472973617000 1472973619090
1472973619000 1472973620320
1472973621001 1472973623708
1472973623003 1472973624722
1472973625005 1472973626486
1472973627007 1472973628614
1472973629007 1472973629944
1472973631009 1472973631993
1472973633009 1472973634048
1472973635008 1472973635578
