1472973430857 1472973431545
1472973432857 1472973433395
1472973434857 1472973435361
1472973436859 1472973437398
1472973438860 1472973439409
1472973440860 1472973441355
1472973442860 1472973443400
1472973444872 1472973445367
1472973446864 1472973447405
1472973448876 1472973449451
1472973450869 1472973451409
1472973452871 1472973453408
1472973454873 1472973455382
1472973456873 1472973457403
1472973458875 1472973459382
1472973460877 1472973461441
1472973462880 1472973463450
1472973464882 1472973465408
1472973466885 1472973467396
1472973468886 1472973469424
1472973470886 1472973471386
1472973472889 1472973473410
1472973474890 1472973475428
1472973476891 1472973477423
1472973478893 1472973479428
1472973480894 1472973481427
1472973482898 1472973483455
1472973484900 1472973485480
1472973486901 1472973487443
1472973488903 1472973489424
1472973490906 1472973491451
1472973492907 1472973493461
1472973494908 1472973495440
1472973496910 1472973497454
1472973498911 1472973499415
1472973500914 1472973501470
1472973502916 1472973503451
1472973504916 1472973505447
1472973506918 1472973507505
1472973508920 1472973509458
1472973511228 1472973511800
1472973512922 1472973513433
1472973514923 1472973515421
1472973516926 1472973517449
1472973518927 1472973519448
1472973520929 1472973521440
1472973522931 1472973523460
1472973524933 1472973525512
1472973526934 1472973527438
1472973528935 1472973529805
1472973530937 1472973531676
1472973532939 1472973533620
1472973534939 1472973535595
1472973536942 1472973537605
1472973538940 1472973539571
1472973540942 1472973541601
1472973542942 1472973543575
1472973544943 1472973545625
1472973546944 1472973547570
1472973548946 1472973549604
1472973550957 1472973551644
1472973552947 1472973553594
1472973554949 1472973555681
1472973556949 1472973557621
1472973558959 1472973559693
1472973560950 1472973561597
1472973562951 1472973563629
1472973564955 1472973565666
1472973566955 1472973567640
1472973568956 1472973569757
1472973570960 1472973571653
1472973572962 1472973573633
1472973574963 1472973575612
1472973576965 1472973577654
1472973578966 1472973579670
1472973580968 1472973581647
1472973582971 1472973583694
1472973584973 1472973585662
1472973586974 1472973587622
1472973588978 1472973589651
1472973590980 1472973591662
1472973592981 1472973593692
1472973594982 1472973595655
1472973596983 1472973597682
1472973598987 1472973599657
1472973600989 1472973601633
1472973602991 1472973603668
1472973604991 1472973605631
1472973606992 1472973607614
1472973608994 1472973609693
1472973610994 1472973611686
1472973613001 1472973613676
1472973615000 1472973615637
1472973617000 1472973617664
1472973619000 1472973619801
1472973621001 1472973621677
1472973623003 1472973623653
1472973625005 1472973625712
1472973627007 1472973627631
1472973629007 1472973629744
1472973631009 1472973631716
1472973633009 1472973633678
1472973635008 1472973635445
