1473924606741 803
1473924608812 806
1473924610882 801
1473924612951 902
1473924615022 1545
1473924617091 1315
1473924619151 1104
1473924621221 1089
1473924623287 1051
1473924625360 1006
1473924627431 780
1473924629501 780
1473924631571 927
1473924633641 939
1473924635711 1100
1473924637771 1759
1473924639861 1266
1473924641941 1204
1473924644011 820
1473924646071 617
1473924648141 770
1473924650201 795
1473924652270 918
1473924654341 1137
1473924656721 805
1473924658801 977
1473924660869 761
1473924662932 890
1473924665000 1531
1473924667061 1306
1473924669131 1255
