1473924034606 107
1473924036636 92
1473924038676 116
1473924040706 491
1473924042736 162
1473924044766 204
1473924046796 203
1473924048818 360
1473924050846 217
1473924052876 217
1473924054906 210
1473924056935 228
1473924058966 133
1473924060995 114
1473924063025 158
1473924065047 299
1473924067075 343
1473924069099 364
1473924071126 217
1473924073155 209
1473924075185 -305
1473924077209 96
1473924079234 95
1473924081265 92
1473924083295 301
1473924085324 324
1473924087355 363
1473924089384 356
1473924091414 370
1473924093443 235
1473924095464 254
