1473923909029 54
1473923911059 73
1473923913089 87
1473923915109 126
1473923917129 41
1473923919152 50
1473923921185 29
1473923923205 42
1473923925229 30
1473923927249 57
1473923929279 74
1473923931299 108
1473923933323 126
1473923935345 53
1473923937379 52
1473923939408 30
1473923941429 31
1473923943449 43
1473923945468 69
1473923947489 96
1473923949509 124
1473923951525 -346
1473923953549 30
1473923955566 51
1473923957598 33
1473923959618 53
1473923961634 85
1473923963666 97
1473923965698 113
1473923967722 38
1473923969739 38
