1473924671190 1096
1473924673250 1250
1473924675339 997
1473924677410 1808
1473924679480 1445
1473924681550 1385
1473924683630 1118
1473924685710 1130
1473924687790 1132
1473924689869 1219
1473924691960 952
1473924694039 1960
1473924696109 1495
1473924698199 1534
1473924700259 1117
1473924702340 1018
1473924704409 981
1473924706480 821
1473924708559 949
1473924710635 1134
1473924712700 1724
1473924714779 1335
1473924716841 1273
1473924718918 1036
1473924720989 1024
1473924723068 1018
1473924725158 1019
1473924727231 924
1473924729298 1121
1473924731378 1083
1473924733458 1039
