1473924735538 1205
1473924737619 1638
1473924739699 7501
1473924741778 6043
1473924743858 4420
1473924745948 3127
1473924748015 2090
1473924750228 1099
1473924752308 1268
1473924754388 1069
1473924756478 1181
1473924758568 1382
1473924760639 1508
1473924762718 1305
1473924764817 1261
1473924766898 1215
1473924768977 1240
1473924771067 1308
1473924773158 1113
1473924775247 1308
1473924777337 1020
1473924779427 1378
1473924781528 1752
1473924783617 1710
1473924785685 1271
1473924787777 1190
1473924789857 1193
1473924791937 1184
1473924794016 1335
1473924796107 1472
1473924798180 1864
