1473923787332 139
1473923789367 114
1473923791382 151
1473923793423 43
1473923795453 30
1473923797472 39
1473923799503 25
1473923801523 38
1473923803543 63
1473923805572 86
1473923807593 114
1473923809612 39
1473923811635 32
1473923813660 33
1473923815685 42
1473923817711 26
1473923819733 54
1473923821750 88
1473923823766 118
1473923825792 26
1473923827812 23
1473923829832 34
1473923831861 26
1473923833881 38
1473923835902 67
1473923837920 95
1473923839951 113
1473923841971 31
1473923843990 21
1473923846010 21
1473923848031 23
1473923850051 46
1473923852081 66
1473923854100 97
1473923856115 128
1473923858140 33
1473923860165 36
1473923862191 32
1473923864221 19
1473923866241 36
1473923868261 65
1473923870290 86
1473923872310 112
1473923874330 140
1473923876360 26
1473923878383 33
1473923880410 25
1473923882435 35
1473923884460 43
1473923886484 348
1473923888810 21
1473923890830 22
1473923892846 56
1473923894870 74
1473923896892 110
1473923898920 116
1473923900940 39
1473923902970 25
1473923904989 22
1473923907010 22
