1473924097494 274
1473924099534 296
1473924101564 128
1473924103594 133
1473924105624 327
1473924107655 510
1473924109682 407
1473924111724 397
1473924113752 398
1473924115784 422
1473924117814 389
1473924119844 272
1473924121886 251
1473924123923 266
1473924125963 302
1473924128003 249
1473924130034 252
1473924132064 135
1473924134094 521
1473924136121 393
1473924138154 386
1473924140182 402
1473924142214 409
1473924144243 620
1473924146274 246
1473924148303 245
1473924150334 276
1473924152361 114
1473924154393 277
1473924156423 162
1473924158452 361
