1473924160483 546
1473924162523 553
1473924164573 393
1473924166613 398
1473924168647 442
1473924170692 408
1473924172732 419
1473924174771 423
1473924176813 440
1473924178853 448
1473924180892 439
1473924182931 476
1473924184972 459
1473924187012 639
1473924189051 505
1473924191102 413
1473924193143 425
1473924195181 478
1473924197222 455
1473924199262 314
1473924201301 317
1473924203341 312
1473924205392 302
1473924207432 305
1473924209469 332
1473924211522 356
1473924213561 346
1473924215601 362
1473924217635 563
1473924219669 527
1473924221713 782
