1473924223752 989
1473924225791 992
1473924227835 598
1473924229891 417
1473924231931 635
1473924233979 410
1473924236031 555
1473924238070 850
1473924240121 818
1473924242171 410
1473924244211 581
1473924246252 448
1473924248290 596
1473924250341 627
1473924252381 458
1473924254421 463
1473924256459 470
1473924258501 414
1473924260541 390
1473924262580 707
1473924264623 689
1473924266670 489
1473924268710 503
1473924270750 517
1473924272790 703
1473924274830 537
1473924276870 497
1473924278910 451
1473924280950 496
1473924283000 706
1473924285040 569
