1473924287090 757
1473924289130 569
1473924291170 526
1473924293220 6039
1473924295270 6546
1473924297320 4817
1473924299369 2936
1473924301419 1000
1473924303470 498
1473924305519 368
1473924307569 550
1473924309619 538
1473924311669 512
1473924313729 549
1473924315789 517
1473924317849 522
1473924319899 529
1473924321949 517
1473924323999 508
1473924326049 530
1473924328096 655
1473924330148 518
1473924332199 872
1473924334246 913
1473924336299 680
1473924338347 683
1473924340396 658
1473924342448 505
1473924344498 656
1473924346548 716
1473924348598 856
