1473923971761 72
1473923973781 -339
1473923975807 66
1473923977838 116
1473923979855 146
1473923981878 204
1473923983908 188
1473923985931 231
1473923987967 186
1473923989987 -1473923989987
1473923992018 -1473923992018
1473923994047 65
1473923996067 144
1473923998097 282
1473924000127 304
1473924002158 213
1473924004177 230
1473924006197 189
1473924008225 72
1473924010256 80
1473924012287 88
1473924014317 75
1473924016347 105
1473924018377 128
1473924020405 148
1473924022437 148
1473924024456 170
1473924026486 188
1473924028517 178
1473924030546 77
1473924032574 73
