1473924350948 564
1473924352998 538
1473924355058 547
1473924357108 546
1473924359188 547
1473924361239 521
1473924363287 733
1473924365337 714
1473924367387 714
1473924369437 714
1473924371498 559
1473924373548 724
1473924375618 692
1473924377668 744
1473924379712 714
1473924381766 692
1473924383814 690
1473924385877 670
1473924387927 666
1473924389977 690
1473924392027 653
1473924394078 834
1473924396137 641
1473924398187 675
1473924400239 867
1473924402297 661
1473924404346 639
1473924406397 668
1473924408456 616
1473924410507 821
1473924412567 807
