1473924414616 801
1473924416666 806
1473924418718 793
1473924420767 791
1473924422826 771
1473924424886 577
1473924426947 805
1473924429006 768
1473924431056 762
1473924433106 756
1473924435166 742
1473924437236 764
1473924439286 707
1473924441346 871
1473924443406 1353
1473924445466 1292
1473924447525 896
1473924449595 681
1473924451649 871
1473924453705 1073
1473924455765 868
1473924457826 805
1473924459885 1210
1473924462245 1099
1473924464306 890
1473924466355 896
1473924468415 841
1473924470475 1485
1473924472535 1248
1473924474625 1007
1473924476681 630
