1473924478755 778
1473924480825 736
1473924482885 776
1473924484945 736
1473924487005 901
1473924489064 1736
1473924491123 1338
1473924493195 1120
1473924495254 895
1473924497314 880
1473924499375 1046
1473924501458 824
1473924503514 824
1473924505575 621
1473924507644 582
1473924509703 761
1473924511764 744
1473924513826 725
1473924515884 738
1473924517944 727
1473924520003 735
1473924522064 892
1473924524124 875
1473924526186 840
1473924528246 831
1473924530311 850
1473924532374 838
1473924534444 800
1473924536503 749
1473924538573 756
1473924540633 743
