1473924542691 645
1473924544763 723
1473924546833 921
1473924548893 924
1473924550963 874
1473924553022 1667
1473924555114 1237
1473924557176 969
1473924559241 789
1473924561313 1002
1473924563371 930
1473924565453 891
1473924567511 1365
1473924569572 1146
1473924571625 1069
1473924573713 1080
1473924575783 831
1473924577852 644
1473924579923 779
1473924581984 726
1473924584042 754
1473924586095 1151
1473924588162 770
1473924590222 928
1473924592292 719
1473924594352 945
1473924596405 1525
1473924598471 1290
1473924600535 1236
1473924602612 1018
1473924604672 868
