1473983511523 1912
1473983513571 1259
1473983515634 1605
1473983517683 1082
1473983519734 1366
1473983521813 1429
1473983523872 1319
1473983525926 1414
1473983527974 1207
1473983530033 1318
1473983532083 1009
1473983534150 1270
1473983536204 1055
1473983538252 1029
1473983540314 1034
1473983542362 1084
1473983544433 1047
1473983546504 1015
1473983548562 1134
1473983550632 1137
1473983552682 1145
1473983554731 1000
1473983556792 903
1473983558862 1285
1473983560942 1150
1473983563002 1518
1473983565051 1039
1473983567102 1119
1473983569163 1230
1473983571244 1125
1473983573294 1175
