1473982941433 161
1473982943459 228
1473982945482 217
1473982947502 263
1473982949523 175
1473982951544 228
1473982953576 243
1473982955610 237
1473982957632 155
1473982959655 211
1473982961679 184
1473982963704 237
1473982965728 276
1473982967752 172
1473982969779 223
1473982971802 226
1473982973822 234
1473982975853 206
1473982977873 179
1473982979899 175
1473982981930 211
1473982983952 155
1473982985973 172
1473982987998 215
1473982990030 232
1473982992054 363
1473982994072 175
1473982996094 219
1473982998118 233
1473983000143 235
1473983002163 195
