1473982816190 106
1473982818209 128
1473982820224 170
1473982822242 95
1473982824270 116
1473982826288 139
1473982828302 75
1473982830322 88
1473982832344 133
1473982834363 154
1473982836373 94
1473982838400 117
1473982840413 136
1473982842423 172
1473982844443 100
1473982846457 133
1473982848473 35
1473982850498 88
1473982852513 121
1473982854534 145
1473982856560 170
1473982858579 93
1473982860593 128
1473982862625 143
1473982864642 72
1473982866669 94
1473982868688 123
1473982870703 54
1473982872722 83
1473982874750 100
1473982876764 136
