1473983575352 1278
1473983577434 1360
1473983579493 1182
1473983581562 1312
1473983583634 1200
1473983585692 1211
1473983587742 1162
1473983589797 1346
1473983591852 1267
1473983593903 1233
1473983595952 1191
1473983598004 1275
1473983600051 1204
1473983602102 1332
1473983604147 1165
1473983606204 1192
1473983608252 1212
1473983610306 1286
1473983612354 1170
1473983614404 1276
1473983616460 1279
1473983618512 1181
1473983620561 1434
1473983622612 1284
1473983624662 1170
1473983626714 1215
1473983628763 1456
1473983630812 1258
1473983632862 1228
1473983634912 1430
1473983636967 1319
