1473983639013 1630
1473983641074 2449
1473983643132 2027
1473983645193 1668
1473983647259 1609
1473983649324 1477
1473983651382 2092
1473983653443 1821
1473983655512 2309
1473983657582 2059
1473983659642 1821
1473983661702 1870
1473983663763 1955
1473983665823 1891
1473983667882 1860
1473983669943 2003
1473983672012 1818
1473983674073 1941
1473983676132 1761
1473983678194 1767
1473983680256 1958
1473983682322 2013
1473983684383 2908
1473983686442 2812
1473983688503 2546
1473983690564 2328
1473983692618 1448
1473983694674 2079
1473983696739 2363
1473983698833 2290
1473983700922 2298
