1473982693177 8
1473982695181 72
1473982697194 110
1473982699212 132
1473982701222 72
1473982703235 110
1473982705253 141
1473982707269 65
1473982709285 99
1473982711302 132
1473982713314 60
1473982715333 91
1473982717350 124
1473982719364 40
1473982721375 89
1473982723393 106
1473982725408 156
1473982727425 89
1473982729442 112
1473982731458 146
1473982733482 72
1473982735499 95
1473982737515 129
1473982739534 159
1473982741553 91
1473982743563 122
1473982745580 154
1473982747593 91
1473982749608 126
1473982751627 147
1473982753644 80
1473982755662 112
1473982757671 153
1473982759689 74
1473982761709 105
1473982763723 122
1473982765737 67
1473982767754 100
1473982769776 128
1473982771794 160
1473982773821 73
1473982775840 22
1473982777853 141
1473982779872 62
1473982781887 97
1473982783905 129
1473982785922 62
1473982787933 91
1473982789948 126
1473982791964 160
1473982793985 89
1473982796004 110
1473982798025 139
1473982800042 72
1473982802053 111
1473982804072 132
1473982806088 65
1473982808107 78
1473982810123 121
1473982812146 148
1473982814173 71
