1473983004184 298
1473983006208 318
1473983008233 326
1473983010264 306
1473983012294 306
1473983014324 417
1473983016353 341
1473983018382 312
1473983020413 334
1473983022444 353
1473983024474 325
1473983026502 333
1473983028523 334
1473983030552 370
1473983032586 246
1473983034614 307
1473983036644 316
1473983038672 305
1473983040709 338
1473983042750 342
1473983044789 315
1473983046814 255
1473983048834 308
1473983050863 324
1473983052893 314
1473983054922 333
1473983056954 346
1473983058983 279
1473983061016 320
1473983063043 323
1473983065074 384
