1473983067102 463
1473983069133 420
1473983071173 400
1473983073204 440
1473983075234 435
1473983077262 446
1473983079293 470
1473983081333 472
1473983083363 390
1473983085394 363
1473983087424 429
1473983089462 641
1473983091494 489
1473983093533 467
1473983095573 476
1473983097612 461
1473983099643 497
1473983101684 381
1473983103714 410
1473983105742 454
1473983107774 474
1473983109816 508
1473983111853 486
1473983113882 428
1473983115912 478
1473983117944 409
1473983119984 399
1473983122015 516
1473983124054 446
1473983126093 456
1473983128124 378
