1473983130163 544
1473983132203 531
1473983134253 513
1473983136293 562
1473983138334 509
1473983140376 541
1473983142413 534
1473983144453 572
1473983146502 416
1473983148542 454
1473983150583 547
1473983152624 511
1473983154674 471
1473983156702 555
1473983158744 492
1473983160782 492
1473983162823 472
1473983164863 511
1473983166913 512
1473983168954 471
1473983170984 511
1473983173022 561
1473983175062 614
1473983177102 531
1473983179142 553
1473983181182 555
1473983183222 582
1473983185260 538
1473983187302 443
1473983189342 496
1473983191384 452
