1473983193422 581
1473983195482 616
1473983197532 591
1473983199576 653
1473983201625 593
1473983203662 555
1473983205704 626
1473983207742 671
1473983209794 644
1473983211832 681
1473983213883 623
1473983215934 625
1473983217984 635
1473983220022 606
1473983222053 649
1473983224104 690
1473983226154 615
1473983228202 656
1473983230253 610
1473983232302 603
1473983234345 614
1473983236392 645
1473983238442 631
1473983240484 564
1473983242512 566
1473983244562 566
1473983246613 583
1473983248662 620
1473983250713 655
1473983252752 628
1473983254794 662
