1473982878782 130
1473982880804 260
1473982882823 251
1473982884843 199
1473982886863 174
1473982888882 212
1473982890902 176
1473982892922 222
1473982894942 195
1473982896962 155
1473982898983 215
1473982901010 198
1473982903033 129
1473982905058 153
1473982907074 218
1473982909097 107
1473982911114 129
1473982913140 151
1473982915164 181
1473982917187 112
1473982919208 128
1473982921230 70
1473982923253 217
1473982925272 115
1473982927295 167
1473982929314 209
1473982931334 229
1473982933359 114
1473982935379 132
1473982937392 191
1473982939415 201
