1473983256832 725
1473983258873 828
1473983260922 758
1473983262973 695
1473983265022 755
1473983267073 796
1473983269124 754
1473983271174 718
1473983273224 834
1473983275263 842
1473983277354 843
1473983279404 735
1473983281444 676
1473983283493 829
1473983285544 731
1473983287597 713
1473983289634 721
1473983291672 759
1473983293694 661
1473983295734 649
1473983297776 656
1473983299814 688
1473983301863 726
1473983303912 783
1473983305954 684
1473983307994 755
1473983310058 577
1473983312094 607
1473983314144 688
1473983316194 743
1473983318232 738
