1473983320275 756
1473983322335 755
1473983324388 745
1473983326434 690
1473983328474 842
1473983330512 709
1473983332575 826
1473983334624 797
1473983336674 656
1473983338712 683
1473983340742 799
1473983342802 873
1473983344863 842
1473983346912 810
1473983348958 771
1473983351004 869
1473983353062 1115
1473983355112 828
1473983357174 909
1473983359239 895
1473983361282 856
1473983363342 832
1473983365392 812
1473983367455 845
1473983369504 811
1473983371554 763
1473983373594 873
1473983375655 796
1473983377694 1196
1473983379752 1308
1473983381813 1127
