1473983383874 1025
1473983385944 1471
1473983387992 944
1473983390054 1145
1473983392114 1069
1473983394184 1143
1473983396244 851
1473983398282 1032
1473983400342 1496
1473983402400 1309
1473983404462 1010
1473983406514 943
1473983408564 885
1473983410602 848
1473983412664 939
1473983414714 862
1473983416759 889
1473983418804 737
1473983420864 871
1473983422912 988
1473983424973 1108
1473983427033 943
1473983429096 899
1473983431152 933
1473983433213 942
1473983435303 885
1473983437354 1014
1473983439420 915
1473983441472 1147
1473983443544 1126
1473983445595 1048
