1473983447644 1034
1473983449714 1591
1473983451764 1014
1473983453835 1491
1473983455882 1340
1473983457932 1310
1473983460002 946
1473983462054 1493
1473983464112 1488
1473983466193 1365
1473983468242 1397
1473983470314 1342
1473983472362 1609
1473983474432 1393
1473983476482 1217
1473983478552 1546
1473983480625 1141
1473983482682 1838
1473983484752 1673
1473983486822 1676
1473983488893 1628
1473983490953 1663
1473983493022 1602
1473983495081 1677
1473983497129 1727
1473983499192 1695
1473983501244 1628
1473983503292 1456
1473983505352 1317
1473983507402 1507
1473983509464 1352
