1473989007471 1389
1473989009550 7286
1473989011611 5846
1473989013671 4041
1473989015721 2360
1473989017791 878
1473989019863 974
1473989021921 952
1473989023971 1065
1473989026021 1024
1473989028071 1221
1473989030122 968
1473989032171 1152
1473989034221 1153
1473989036271 1130
1473989038321 3792
1473989040371 3593
1473989042440 2852
1473989044516 1098
1473989046591 974
1473989048661 1141
1473989050712 1041
1473989052771 1057
1473989054821 1023
1473989056871 5814
1473989058921 5118
1473989060975 3345
1473989063021 1581
1473989065071 1033
1473989067141 1320
1473989069211 1097
