1473987945662 582
1473987947687 550
1473987949706 563
1473987951726 607
1473987953749 618
1473987955770 647
1473987957786 678
1473987959806 518
1473987961826 524
1473987963846 565
1473987965870 601
1473987967886 611
1473987969906 637
1473987971930 662
1473987973950 490
1473987975966 530
1473987977990 557
1473987980007 577
1473987982027 603
1473987984051 482
1473987986070 654
1473987988090 686
1473987990107 525
1473987992130 558
1473987994147 566
1473987996167 596
1473987998187 627
1473988000207 654
1473988002227 679
1473988004253 519
1473988006277 532
1473988438201 234
1473988440221 174
1473988442241 270
1473988444264 202
1473988446285 1132
1473988448301 272
1473988450320 374
1473988452342 322
1473988454361 159
1473988456381 178
1473988458401 108
1473988460421 1153
1473988462441 984
1473988464461 1402
1473988466481 1044
1473988468501 930
1473988470524 1002
1473988472541 1431
1473988474564 636
1473988476585 225
1473988478601 167
1473988480620 177
1473988482644 135
1473988484661 252
1473988486681 176
1473988488701 184
1473988490720 132
1473988492744 145
1473988494760 168
1473988496782 334
1473988498801 151
