1473987822646 442
1473987824660 457
1473987826676 495
1473987828684 528
1473987830692 574
1473987832706 609
1473987834716 651
1473987836730 481
1473987838747 511
1473987840756 550
1473987842766 586
1473987844781 619
1473987846796 650
1473987848810 484
1473987850819 521
1473987852836 549
1473987854846 592
1473987856857 629
1473987858871 661
1473987860887 488
1473987862897 528
1473987864912 557
1473987866920 593
1473987868937 630
1473987870951 661
1473987872966 489
1473987874974 533
1473987876986 569
1473987879000 603
1473987881020 628
1473988313165 20
1473988315181 24
1473988317195 57
1473988319211 13
1473988321225 29
1473988323241 50
1473988325255 20
1473988327271 37
1473988329281 55
1473988331294 17
1473988333304 28
1473988335321 53
1473988337335 20
1473988339351 25
1473988341364 87
1473988343381 17
1473988345393 22
1473988347411 50
1473988349418 894
1473988351430 14
1473988353443 82
1473988355455 24
1473988357470 24
1473988359485 93
1473988361501 17
1473988363511 23
1473988365525 62
1473988367544 29
1473988369556 21
1473988371568 117
1473988373578 26
