1473989071270 943
1473989073351 3187
1473989075422 1557
1473989077480 1385
1473989079530 1395
1473989081611 1382
1473989083672 1267
1473989085731 1263
1473989087791 1340
1473989089861 1314
1473989091921 1229
1473989093981 1287
1473989096061 1371
1473989098122 1242
1473989100183 1325
1473989102230 1548
1473989104281 1410
1473989106331 1260
1473989108400 1211
1473989110470 1191
1473989112521 1388
1473989114583 1417
1473989116631 1375
1473989118680 1383
1473989120727 1189
1473989122780 1461
1473989124861 1642
1473989126923 1320
1473989128981 1309
1473989131057 1294
1473989133121 1527
