1473989135201 3753
1473989137281 2735
1473989139341 1619
1473989141431 1669
1473989143491 5147
1473989145571 3769
1473989147638 2147
1473989149691 2241
1473989151771 1615
1473989153835 4448
1473989155905 5362
1473989157981 3755
1473989160041 2341
1473989162127 1894
1473989164236 1625
1473989166300 1886
1473989168380 4141
1473989170470 5409
1473989172561 4267
1473989174631 3804
1473989176694 3622
1473989178781 3687
1473989180852 2085
1473989182931 2044
1473989184991 1547
1473989187073 1842
1473989189161 1884
1473989191261 2162
1473989193331 1479
1473989195451 4011
1473989197531 3866
