1473987750257 2098
1473987752264 1824
1473987754277 1603
1473987756291 1611
1473987758304 1621
1473987760316 1657
1473987762326 1694
1473987764336 1612
1473987766349 1614
1473987768369 1601
1473987770379 1625
1473987772387 1666
1473987774400 1704
1473987776419 1603
1473987778424 1605
1473987780436 1604
1473987782446 1643
1473987784456 1681
1473987786459 1602
1473987788463 1598
1473987790468 1608
1473987792473 1654
1473987794486 1688
1473987796497 1613
1473987798507 1606
1473987800517 1604
1473988216596 8
1473988218610 23
1473988220620 10
1473988222630 10
1473988224640 36
1473988226646 10
1473988228660 22
1473988230671 46
1473988232679 2
1473988234685 29
1473988236700 58
1473988238710 5
1473988240725 29
1473988242736 7
1473988244746 19
1473988246765 31
1473988248780 63
1473988250800 7
1473988252814 27
1473988254823 60
1473988256840 11
1473988258850 27
1473988260860 7
1473988262870 6
1473988264884 35
1473988266900 11
1473988268914 14
1473988270930 29
1473988272940 10
1473988274953 2
1473988276960 41
1473988278970 11
1473988280984 16
1473988283000 43
1473988285010 9
1473988287020 17
1473988289034 51
1473988291041 6
1473988293055 25
1473988295071 57
1473988297081 10
1473988299091 29
1473988301097 14
1473988303113 2
1473988305122 44
1473988307131 58
1473988309140 16
1473988311154 49
