1473988008297 591
1473988010326 810
1473988012347 626
1473988014377 632
1473988016407 664
1473988018437 689
1473988020459 726
1473988022487 547
1473988024507 730
1473988026537 714
1473988028567 755
1473988030601 614
1473988032627 809
1473988034657 824
1473988036687 839
1473988038707 860
1473988040737 730
1473988042767 751
1473988044797 738
1473988046827 728
1473988048852 738
1473988050877 750
1473988052901 772
1473988054927 661
1473988056956 665
1473988058976 709
1473988060997 706
1473988063027 685
1473988065058 581
1473988500821 285
1473988502850 283
1473988504874 231
1473988506901 2073
1473988508931 1195
1473988510950 2140
1473988512980 1433
1473988515011 1887
1473988517041 240
1473988519072 244
1473988521100 239
1473988523130 280
1473988525150 238
1473988527171 258
1473988529201 274
1473988531231 197
1473988533250 303
1473988535274 336
1473988537301 373
1473988539335 393
1473988541359 369
1473988543381 332
1473988545411 353
1473988547443 344
1473988549474 274
1473988551504 399
1473988553531 309
1473988555551 357
1473988557581 233
1473988559601 389
1473988561631 186
