1473988563653 423
1473988565681 363
1473988567711 362
1473988569741 388
1473988571771 391
1473988573801 334
1473988575831 328
1473988577860 369
1473988579891 388
1473988581934 354
1473988583961 522
1473988585991 425
1473988588021 457
1473988590050 365
1473988592094 355
1473988594121 390
1473988596151 411
1473988598181 427
1473988600203 357
1473988602231 542
1473988604261 374
1473988606291 599
1473988608343 366
1473988610372 398
1473988612401 533
1473988614431 530
1473988616461 561
1473988618491 394
1473988620520 496
1473988622550 2260
1473988624581 1972
