1473988626611 2096
1473988628652 1725
1473988630694 565
1473988632731 466
1473988634761 525
1473988636795 398
1473988638831 434
1473988640861 436
1473988642903 542
1473988644941 554
1473988646999 456
1473988649043 655
1473988651083 465
1473988653100 508
1473988655140 399
1473988657183 388
1473988659210 497
1473988661250 524
1473988663290 530
1473988665333 445
1473988667360 446
1473988669401 675
1473988671441 578
1473988673481 597
1473988675521 506
1473988677551 425
1473988679591 2658
1473988681631 2503
1473988683688 1947
1473988685721 354
1473988687751 453
