1473988689791 666
1473988691831 671
1473988693894 669
1473988695941 656
1473988697981 3638
1473988700011 3367
1473988702051 2350
1473988704091 597
1473988706142 578
1473988708180 830
1473988710221 715
1473988712260 623
1473988714301 514
1473988716342 534
1473988718381 560
1473988720411 653
1473988722451 786
1473988724491 781
1473988726531 685
1473988728561 702
1473988730601 520
1473988732641 539
1473988734681 635
1473988736711 741
1473988738751 665
1473988740791 650
1473988742831 485
1473988744861 507
1473988746901 491
1473988748952 458
1473988751001 622
