1473987883036 486
1473987885061 511
1473987887077 541
1473987889096 556
1473987891121 790
1473987893137 628
1473987895157 658
1473987897176 676
1473987899196 516
1473987901216 526
1473987903237 563
1473987905256 974
1473987907276 830
1473987909296 823
1473987911320 850
1473987913336 883
1473987915356 754
1473987917380 935
1473987919400 628
1473987921420 654
1473987923436 686
1473987925456 669
1473987927476 720
1473987929500 686
1473987931526 537
1473987933546 555
1473987935570 602
1473987937590 613
1473987939606 649
1473987941626 669
1473987943651 492
1473988375586 177
1473988377601 92
1473988379621 206
1473988381644 51
1473988383664 151
1473988385681 102
1473988387703 108
1473988389721 193
1473988391743 81
1473988393761 107
1473988395784 54
1473988397804 72
1473988399821 87
1473988401844 107
1473988403861 50
1473988405881 71
1473988407901 102
1473988409921 48
1473988411941 138
1473988413961 96
1473988415985 402
1473988418001 555
1473988420021 563
1473988422041 725
1473988424061 445
1473988426081 935
1473988428101 772
1473988430121 435
1473988432141 744
1473988434161 768
1473988436180 606
