1473988753041 3604
1473988755091 3365
1473988757141 1742
1473988759191 813
1473988761241 903
1473988763291 1014
1473988765341 1026
1473988767401 857
1473988769445 776
1473988771492 785
1473988773541 761
1473988775590 886
1473988777641 886
1473988779690 911
1473988781740 3869
1473988783790 4373
1473988785850 3234
1473988787901 1464
1473988789950 676
1473988792000 874
1473988794051 1088
1473988796101 976
1473988798153 2817
1473988800200 3719
1473988802250 3407
1473988804301 2685
1473988806351 2217
1473988808401 594
1473988810451 5746
1473988812503 6696
1473988814548 4815
