1473988816601 3078
1473988818651 1206
1473988820701 936
1473988822751 965
1473988824801 1163
1473988826851 828
1473988828900 746
1473988830950 759
1473988833000 915
1473988835051 956
1473988837101 832
1473988839151 805
1473988841201 810
1473988843251 3589
1473988845301 3289
1473988847351 1402
1473988849404 2758
1473988851450 2753
1473988853501 1524
1473988855551 821
1473988857601 3358
1473988859651 2544
1473988861701 1407
1473988863751 1702
1473988865801 745
1473988867851 865
1473988869901 874
1473988871951 882
1473988874001 891
1473988876050 984
1473988878103 979
