1473988880151 1092
1473988882211 1003
1473988884261 977
1473988886315 968
1473988888361 975
1473988890411 1279
1473988892479 1252
1473988894542 947
1473988896601 927
1473988898661 4915
1473988900714 4819
1473988902761 3009
1473988904811 1192
1473988906884 776
1473988908920 997
1473988910960 874
1473988913010 901
1473988915070 827
1473988917131 664
1473988919171 853
1473988921240 821
1473988923271 785
1473988925320 896
1473988927370 979
1473988929420 859
1473988931470 865
1473988933510 888
1473988935556 982
1473988937611 6429
1473988939661 5069
1473988941721 5269
