1473988943766 4126
1473988945831 2404
1473988947881 969
1473988949953 1022
1473988952011 1034
1473988954084 1015
1473988956122 906
1473988958171 1031
1473988960244 982
1473988962302 973
1473988964361 1156
1473988966411 876
1473988968461 1043
1473988970521 1469
1473988972591 1259
1473988974656 1001
1473988976710 1091
1473988978760 5416
1473988980830 4833
1473988982880 3151
1473988984920 1797
1473988986970 1490
1473988989020 896
1473988991070 950
1473988993120 1080
1473988995169 970
1473988997221 956
1473988999271 965
1473989001319 863
1473989003371 752
1473989005421 876
