1473989007471 1055
1473989009550 899
1473989011611 1015
1473989013671 1025
1473989015721 701
1473989017791 1279
1473989019863 747
1473989021921 870
1473989023971 887
1473989026021 876
1473989028071 875
1473989030122 565
1473989032171 624
1473989034221 695
1473989036271 726
1473989038321 796
1473989040371 866
1473989042440 857
1473989044516 934
1473989046591 481
1473989048661 511
1473989050712 498
1473989052771 634
1473989054821 775
1473989056871 743
1473989058921 771
1473989060975 811
1473989063021 975
1473989065071 1008
1473989067141 1072
1473989069211 636
