1473987945662 119
1473987947687 117
1473987949706 168
1473987951726 193
1473987953749 116
1473987955770 146
1473987957786 170
1473987959806 106
1473987961826 228
1473987963846 153
1473987965870 184
1473987967886 114
1473987969906 137
1473987971930 162
1473987973950 184
1473987975966 120
1473987977990 145
1473987980007 178
1473987982027 99
1473987984051 124
1473987986070 144
1473987988090 174
1473987990107 115
1473987992130 142
1473987994147 267
1473987996167 88
1473987998187 125
1473988000207 148
1473988002227 182
1473988004253 118
1473988006277 130
1473988438201 172
1473988440221 199
1473988442241 204
1473988444264 357
1473988446285 475
1473988448301 610
1473988450320 219
1473988452342 157
1473988454361 279
1473988456381 413
1473988458401 649
1473988460421 90
1473988462441 192
1473988464461 108
1473988466481 241
1473988468501 381
1473988470524 505
1473988472541 129
1473988474564 159
1473988476585 162
1473988478601 315
1473988480620 445
1473988482644 449
1473988484661 554
1473988486681 83
1473988488701 147
1473988490720 260
1473988492744 387
1473988494760 540
1473988496782 144
1473988498801 93
