1473987820626 91
1473987822646 122
1473987824660 147
1473987826676 80
1473987828684 123
1473987830692 54
1473987832706 91
1473987834716 131
1473987836730 66
1473987838747 100
1473987840756 141
1473987842766 71
1473987844781 96
1473987846796 128
1473987848810 67
1473987850819 107
1473987852836 141
1473987854846 71
1473987856857 107
1473987858871 136
1473987860887 79
1473987862897 110
1473987864912 145
1473987866920 76
1473987868937 110
1473987870951 146
1473987872966 80
1473987874974 123
1473987876986 51
1473987879000 87
1473987881020 104
1473988313165 225
1473988315181 359
1473988317195 98
1473988319211 35
1473988321225 168
1473988323241 202
1473988325255 337
1473988327271 472
1473988329281 99
1473988331294 36
1473988333304 169
1473988335321 202
1473988337335 338
1473988339351 472
1473988341364 98
1473988343381 35
1473988345393 150
1473988347411 181
1473988349418 324
1473988351430 462
1473988353443 100
1473988355455 137
1473988357470 173
1473988359485 305
1473988361501 442
1473988363511 72
1473988365525 31
1473988367544 128
1473988369556 175
1473988371568 305
1473988373578 445
