1473989071270 1282
1473989073351 807
1473989075422 803
1473989077480 1381
1473989079530 882
1473989081611 926
1473989083672 952
1473989085731 1029
1473989087791 1107
1473989089861 1173
1473989091921 795
1473989093981 877
1473989096061 848
1473989098122 878
1473989100183 923
1473989102230 955
1473989104281 1012
1473989106331 1215
1473989108400 1189
1473989110470 842
1473989112521 838
1473989114583 881
1473989116631 1016
1473989118680 1083
1473989120727 1030
1473989122780 1140
1473989124861 1195
1473989126923 817
1473989128981 842
1473989131057 841
1473989133121 1450
