1473989135201 1956
1473989137281 1279
1473989139341 1953
1473989141431 1489
1473989143491 1399
1473989145571 1491
1473989147638 1554
1473989149691 1762
1473989151771 1996
1473989153835 1392
1473989155905 1445
1473989157981 1723
1473989160041 1903
1473989162127 2600
1473989164236 2468
1473989166300 2030
1473989168380 2026
1473989170470 2075
1473989172561 2204
1473989174631 1644
1473989176694 3188
1473989178781 3114
1473989180852 2433
1473989182931 2658
1473989184991 2484
1473989187073 1853
1473989189161 2147
1473989191261 2110
1473989193331 2775
1473989195451 2166
1473989197531 2753
