1473987700006 1604
1473987702015 855
1473987704026 864
1473987706041 899
1473987708056 724
1473987710070 1170
1473987712078 902
1473987714087 1042
1473987790468 136
1473987792473 281
1473987794486 218
1473987796497 47
1473987798507 87
1473987800517 227
1473987802526 58
1473987804533 201
1473987806546 138
1473987808556 68
1473987810566 108
1473987812579 45
1473987814587 87
1473987816601 113
1473987818616 48
1473988190486 901
1473988192490 950
1473988194498 984
1473988196510 1023
1473988240725 30
1473988242736 214
1473988244746 354
1473988246765 367
1473988248780 110
1473988250800 29
1473988252814 66
1473988254823 207
1473988256840 450
1473988258850 490
1473988260860 110
1473988262870 32
1473988264884 67
1473988266900 169
1473988268914 356
1473988270930 490
1473988272940 120
1473988274953 26
1473988276960 200
1473988278970 340
1473988280984 352
1473988283000 80
1473988285010 31
1473988287020 280
1473988289034 119
1473988291041 349
1473988293055 365
1473988295071 89
1473988297081 31
1473988299091 78
1473988301097 223
1473988303113 357
1473988305122 497
1473988307131 129
1473988309140 28
1473988311154 196
