1473988008297 180
1473988010326 253
1473988012347 240
1473988014377 152
1473988016407 167
1473988018437 169
1473988020459 168
1473988022487 203
1473988024507 155
1473988026537 188
1473988028567 189
1473988030601 196
1473988032627 284
1473988034657 142
1473988036687 246
1473988038707 318
1473988040737 286
1473988042767 299
1473988044797 210
1473988046827 217
1473988048852 216
1473988050877 235
1473988052901 229
1473988054927 148
1473988056956 157
1473988058976 175
1473988060997 201
1473988063027 166
1473988065058 177
1473988067087 178
1473988069107 377
1473988500821 234
1473988502850 252
1473988504874 365
1473988506901 499
1473988508931 816
1473988510950 122
1473988512980 168
1473988515011 387
1473988517041 408
1473988519072 517
1473988521100 638
1473988523130 129
1473988525150 199
1473988527171 221
1473988529201 312
1473988531231 441
1473988533250 565
1473988535274 183
1473988537301 133
1473988539335 208
1473988541359 229
1473988543381 372
1473988545411 493
1473988547443 609
1473988549474 245
1473988551504 238
1473988553531 270
1473988555551 398
1473988557581 403
1473988559601 528
1473988561631 628
