1473988071140 324
1473988073167 257
1473988075197 203
1473988077226 267
1473988079256 215
1473988081286 196
1473988083306 240
1473988085337 183
1473988087357 226
1473988089387 223
1473988091417 213
1473988093447 268
1473988095477 203
1473988097507 183
1473988099547 190
1473988101577 198
1473988103607 330
1473988105636 368
1473988107666 337
1473988109697 336
1473988111727 327
1473988113757 300
1473988115787 296
1473988117816 262
1473988563653 196
1473988565681 234
1473988567711 316
1473988569741 552
1473988571771 580
1473988573801 576
1473988575831 150
1473988577860 256
1473988579891 287
1473988581934 366
1473988583961 451
1473988585991 596
1473988588021 607
1473988590050 230
1473988592094 245
1473988594121 278
1473988596151 363
1473988598181 497
1473988600203 623
1473988602231 618
1473988604261 201
1473988606291 285
1473988608343 351
1473988610372 359
1473988612401 488
1473988614431 582
1473988616461 191
1473988618491 255
1473988620520 201
1473988622550 482
1473988624581 501
