1473988626611 658
1473988628652 642
1473988630694 257
1473988632731 372
1473988634761 284
1473988636795 381
1473988638831 508
1473988640861 648
1473988642903 629
1473988644941 650
1473988646999 229
1473988649043 289
1473988651083 328
1473988653100 484
1473988655140 588
1473988657183 1261
1473988659210 246
1473988661250 342
1473988663290 273
1473988665333 283
1473988667360 443
1473988669401 559
1473988671441 601
1473988673481 239
1473988675521 295
1473988677551 265
1473988679591 382
1473988681631 368
1473988683688 492
1473988685721 599
1473988687751 707
