1473988689791 311
1473988691831 319
1473988693894 427
1473988695941 452
1473988697981 576
1473988700011 695
1473988702051 661
1473988704091 702
1473988706142 341
1473988708180 353
1473988710221 361
1473988712260 515
1473988714301 645
1473988716342 611
1473988718381 651
1473988720411 331
1473988722451 294
1473988724491 368
1473988726531 496
1473988728561 633
1473988730601 728
1473988732641 679
1473988734681 265
1473988736711 294
1473988738751 385
1473988740791 447
1473988742831 566
1473988744861 692
1473988746901 1327
1473988748952 690
1473988751001 292
