1473987883036 254
1473987885061 86
1473987887077 212
1473987889096 155
1473987891121 158
1473987893137 94
1473987895157 104
1473987897176 134
1473987899196 76
1473987901216 106
1473987903237 123
1473987905256 163
1473987907276 89
1473987909296 114
1473987911320 140
1473987913336 164
1473987915356 100
1473987917380 124
1473987919400 149
1473987921420 71
1473987923436 104
1473987925456 134
1473987927476 248
1473987929500 93
1473987931526 110
1473987933546 135
1473987935570 168
1473987937590 65
1473987939606 97
1473987941626 135
1473987943651 161
1473988375586 86
1473988377601 128
1473988379621 156
1473988381644 285
1473988383664 409
1473988385681 427
1473988387703 538
1473988389721 65
1473988391743 110
1473988393761 257
1473988395784 373
1473988397804 503
1473988399821 126
1473988401844 61
1473988403861 186
1473988405881 196
1473988407901 325
1473988409921 475
1473988411941 542
1473988413961 58
1473988415985 144
1473988418001 280
1473988420021 403
1473988422041 536
1473988424061 163
1473988426081 62
1473988428101 69
1473988430121 235
1473988432141 366
1473988434161 706
1473988436180 63
