1473988753041 361
1473988755091 408
1473988757141 612
1473988759191 636
1473988761241 611
1473988763291 669
1473988765341 702
1473988767401 348
1473988769445 357
1473988771492 412
1473988773541 481
1473988775590 617
1473988777641 600
1473988779690 648
1473988781740 680
1473988783790 338
1473988785850 332
1473988787901 372
1473988789950 487
1473988792000 561
1473988794051 531
1473988796101 633
1473988798153 692
1473988800200 718
1473988802250 377
1473988804301 390
1473988806351 410
1473988808401 556
1473988810451 650
1473988812503 2217
1473988814548 685
