1473988816601 757
1473988818651 802
1473988820701 436
1473988822751 462
1473988824801 583
1473988826851 536
1473988828900 684
1473988830950 758
1473988833000 747
1473988835051 786
1473988837101 406
1473988839151 522
1473988841201 565
1473988843251 639
1473988845301 636
1473988847351 698
1473988849404 733
1473988851450 779
1473988853501 422
1473988855551 460
1473988857601 523
1473988859651 509
1473988861701 629
1473988863751 697
1473988865801 715
1473988867851 768
1473988869901 449
1473988871951 472
1473988874001 448
1473988876050 605
1473988878103 591
