1473988880151 683
1473988882211 722
1473988884261 779
1473988886315 2238
1473988888361 922
1473988890411 591
1473988892479 591
1473988894542 682
1473988896601 680
1473988898661 721
1473988900714 734
1473988902761 812
1473988904811 869
1473988906884 938
1473988908920 558
1473988910960 659
1473988913010 745
1473988915070 741
1473988917131 820
1473988919171 868
1473988921240 813
1473988923271 489
1473988925320 542
1473988927370 573
1473988929420 619
1473988931470 852
1473988933510 717
1473988935556 812
1473988937611 801
1473988939661 441
1473988941721 550
