1473988943766 564
1473988945831 645
1473988947881 1277
1473988949953 739
1473988952011 793
1473988954084 796
1473988956122 442
1473988958171 514
1473988960244 518
1473988962302 576
1473988964361 590
1473988966411 718
1473988968461 790
1473988970521 796
1473988972591 876
1473988974656 846
1473988976710 476
1473988978760 589
1473988980830 641
1473988982880 598
1473988984920 714
1473988986970 790
1473988989020 826
1473988991070 838
1473988993120 901
1473988995169 1001
1473988997221 1086
1473988999271 626
1473989001319 5751
1473989003371 4234
1473989005421 2952
