1472972320176 1472972320960
1472972322178 1472972322784
1472972324181 1472972324820
1472972326181 1472972326770
1472972328183 1472972328811
1472972330186 1472972330657
1472972332186 1472972332297
1472972334188 1472972334348
1472972336190 1472972336391
1472972338191 1472972339051
1472972340193 1472972340894
1472972342195 1472972342843
1472972344197 1472972344789
1472972346198 1472972346834
1472972348203 1472972348790
1472972350204 1472972350419
1472972352205 1472972352364
1472972354206 1472972354310
1472972356226 1472972356357
1472972358209 1472972358302
1472972360209 1472972360350
1472972362215 1472972362302
1472972364216 1472972364343
1472972366218 1472972366400
1472972368219 1472972368341
1472972370220 1472972370386
1472972372221 1472972372351
1472972374222 1472972374379
1472972376225 1472972376327
1472972378225 1472972378372
1472972380225 1472972380318
1472972382226 1472972382366
1472972384225 1472972384318
1472972386228 1472972386375
1472972388231 1472972388408
1472972390230 1472972390359
1472972392232 1472972392401
1472972394234 1472972394347
1472972396232 1472972396394
1472972398234 1472972398339
1472972400237 1472972400390
1472972402237 1472972402334
1472972404237 1472972404385
1472972406243 1472972406326
1472972408245 1472972408375
1472972410245 1472972410321
1472972412249 1472972412379
1472972414250 1472972414417
1472972416261 1472972416362
1472972418253 1472972418411
1472972420558 1472972420766
1472972422255 1472972422404
1472972424254 1472972424451
1472972426256 1472972426396
1472972428259 1472972428444
1472972430261 1472972430394
1472972432262 1472972432344
1472972434264 1472972434383
1472972436264 1472972436432
1472972438267 1472972438481
1472972440268 1472972440429
1472972442270 1472972442473
1472972444269 1472972444418
1472972446272 1472972446466
1472972448276 1472972448416
1472972450277 1472972450461
1472972452278 1472972452408
1472972454281 1472972454454
1472972456282 1472972456402
1472972458285 1472972458448
1472972460286 1472972460404
1472972462286 1472972462443
1472972464289 1472972464393
1472972466292 1472972466539
1472972468292 1472972468385
1472972470294 1472972470428
1472972472297 1472972472376
1472972474298 1472972474424
1472972476299 1472972476367
1472972478302 1472972478422
1472972480300 1472972480462
1472972482302 1472972482513
1472972484301 1472972484457
1472972486304 1472972486400
1472972488321 1472972488450
1472972490313 1472972490498
1472972492308 1472972492443
1472972494308 1472972494491
1472972496310 1472972496437
1472972498312 1472972498485
1472972500315 1472972500432
1472972502316 1472972502476
1472972504316 1472972504526
1472972506318 1472972506471
1472972508318 1472972508417
1472972510323 1472972510465
1472972512323 1472972512410
1472972514324 1472972514458
1472972516325 1472972516506
1472972518326 1472972518554
1472972520328 1472972520508
1472972522330 1472972522445
1472972524330 1472972524492
1472972526332 1472972526541
1472972528330 1472972528488
1472972530330 1472972530533
1472972532332 1472972532583
1472972534333 1472972534528
1472972536333 1472972536472
1472972538334 1472972538521
1472972540335 1472972540471
1472972542337 1472972542515
1472972544336 1472972544459
1472972546337 1472972546509
1472972548338 1472972548456
1472972550340 1472972550502
1472972552345 1472972552551
1472972554343 1472972554494
1472972556357 1472972556543
1472972558346 1472972558591
1472972560352 1472972560540
1472972562347 1472972562485
1472972564349 1472972564531
1472972566350 1472972566580
1472972568351 1472972568523
1472972570352 1472972570472
1472972572355 1472972572525
1472972574655 1472972574872
1472972576353 1472972576512
1472972578356 1472972578560
1472972580357 1472972580515
1472972582358 1472972582554
1472972584360 1472972584602
1472972586363 1472972586545
1472972588364 1472972588595
1472972590365 1472972590540
1472972592368 1472972592491
1472972594369 1472972594532
1472972596372 1472972596581
1472972598372 1472972598526
1472972600374 1472972600575
1472972602398 1472972602523
1472972604377 1472972604568
1472972606379 1472972606514
1472972608382 1472972608560
1472972610383 1472972610505
1472972612383 1472972612554
1472972614385 1472972614603
1472972616392 1472972616548
1472972618387 1472972618597
