1472972518326 1472972518447
1472972520328 1472972520422
1472972522330 1472972522419
1472972524330 1472972524407
1472972526332 1472972526404
1472972528330 1472972528431
1472972530330 1472972530421
1472972532332 1472972532405
1472972534333 1472972534416
1472972536333 1472972536388
1472972538334 1472972538405
1472972540335 1472972540414
1472972542337 1472972542417
1472972544336 1472972544416
1472972546337 1472972546417
1472972548338 1472972548397
1472972550340 1472972550415
1472972552345 1472972552420
1472972554343 1472972554411
1472972556357 1472972556466
1472972558346 1472972558421
1472972560352 1472972560444
1472972562347 1472972562428
1472972564349 1472972564431
1472972566350 1472972566438
1472972568351 1472972568434
1472972570352 1472972570417
1472972572355 1472972572427
1472972574655 1472972574740
1472972576353 1472972576432
1472972578356 1472972578439
1472972580357 1472972580446
1472972582358 1472972582441
1472972584360 1472972584444
1472972586363 1472972586443
1472972588364 1472972588455
1472972590365 1472972590441
1472972592368 1472972592457
1472972594369 1472972594443
1472972596372 1472972596458
1472972598372 1472972598443
1472972600374 1472972600471
1472972602398 1472972602468
1472972604377 1472972604464
1472972606379 1472972606459
1472972608382 1472972608465
1472972610383 1472972610449
1472972612383 1472972612456
1472972614385 1472972614465
1472972616392 1472972616459
1472972618387 1472972618467
