1472972218107 1472972218237
1472972220109 1472972220331
1472972222114 1472972222247
1472972224111 1472972224292
1472972226111 1472972226240
1472972228114 1472972228278
1472972230113 1472972230212
1472972232114 1472972232276
1472972234117 1472972234214
1472972236118 1472972236265
1472972238119 1472972238215
1472972240120 1472972240252
1472972242124 1472972242306
1472972244125 1472972244252
1472972246126 1472972246300
1472972248129 1472972248245
1472972250129 1472972250290
1472972252131 1472972252246
1472972254131 1472972254288
1472972256134 1472972256244
1472972258135 1472972258285
1472972260137 1472972260334
1472972262139 1472972262276
1472972264140 1472972264326
1472972266142 1472972266261
1472972268142 1472972268312
1472972270452 1472972270575
1472972272144 1472972272311
1472972274147 1472972274254
1472972276148 1472972276303
1472972278151 1472972278251
1472972280152 1472972280296
1472972282156 1472972282346
1472972284154 1472972284289
1472972286155 1472972286346
1472972288156 1472972288284
1472972290154 1472972290326
1472972292157 1472972292274
1472972294160 1472972294330
1472972296158 1472972296271
1472972298160 1472972298322
1472972300163 1472972300263
1472972302163 1472972302312
1472972304162 1472972304265
1472972306164 1472972306297
1472972308165 1472972308358
1472972310471 1472972310606
1472972312170 1472972312342
1472972314171 1472972314294
1472972316176 1472972316342
1472972318174 1472972318291
1472972320176 1472972320333
1472972322178 1472972322285
1472972324181 1472972324337
1472972326181 1472972326365
1472972328183 1472972328309
1472972330186 1472972330376
1472972332186 1472972332313
1472972334188 1472972334355
1472972336190 1472972336309
1472972338191 1472972338352
1472972340193 1472972340287
1472972342195 1472972342353
1472972344197 1472972344293
1472972346198 1472972346340
1472972348203 1472972348390
1472972350204 1472972350341
1472972352205 1472972352381
1472972354206 1472972354335
1472972356226 1472972356380
1472972358209 1472972358321
1472972360209 1472972360372
1472972362215 1472972362316
1472972364216 1472972364370
1472972366218 1472972366408
1472972368219 1472972368363
1472972370220 1472972370412
1472972372221 1472972372351
1472972374222 1472972374403
1472972376225 1472972376353
1472972378225 1472972378389
1472972380225 1472972380343
1472972382226 1472972382389
1472972384225 1472972384332
1472972386228 1472972386377
1472972388231 1472972388331
1472972390230 1472972390370
1472972392232 1472972392421
1472972394234 1472972394373
1472972396232 1472972396412
1472972398234 1472972398359
1472972400237 1472972400412
1472972402237 1472972402348
1472972404237 1472972404402
1472972406243 1472972406351
1472972408245 1472972408403
1472972410245 1472972410345
1472972412249 1472972412384
1472972414250 1472972414441
1472972416261 1472972416380
1472972418253 1472972418439
1472972420558 1472972420680
1472972422255 1472972422431
1472972424254 1472972424382
1472972426256 1472972426414
1472972428259 1472972428365
1472972430261 1472972430410
1472972432262 1472972432364
1472972434264 1472972434414
1472972436264 1472972436449
1472972438267 1472972438403
1472972440268 1472972440448
1472972442270 1472972442390
1472972444269 1472972444442
1472972446272 1472972446389
1472972448276 1472972448440
1472972450277 1472972450379
1472972452278 1472972452430
1472972454281 1472972454478
1472972456282 1472972456417
1472972458285 1472972458453
1472972460286 1472972460414
1472972462286 1472972462458
1472972464289 1472972464411
1472972466292 1472972466560
1472972468292 1472972468401
1472972470294 1472972470441
1472972472297 1472972472400
1472972474298 1472972474440
1472972476299 1472972476487
1472972478302 1472972478440
1472972480300 1472972480487
1472972482302 1472972482431
1472972484301 1472972484480
1472972486304 1472972486420
1472972488321 1472972488472
1472972490313 1472972490421
1472972492308 1472972492471
1472972494308 1472972494410
1472972496310 1472972496450
1472972498312 1472972498506
1472972500315 1472972500447
1472972502316 1472972502496
1472972504316 1472972504438
1472972506318 1472972506493
1472972508318 1472972508438
1472972510323 1472972510486
1472972512323 1472972512441
1472972514324 1472972514481
1472972516325 1472972516425
1472972518326 1472972518475
1472972520328 1472972520520
1472972522330 1472972522465
1472972524330 1472972524515
1472972526332 1472972526465
1472972528330 1472972528509
1472972530330 1472972530453
1472972532332 1472972532506
1472972534333 1472972534455
1472972536333 1472972536494
1472972538334 1472972538453
1472972540335 1472972540485
1472972542337 1472972542453
1472972544336 1472972544485
1472972546337 1472972546518
1472972548338 1472972548474
1472972550340 1472972550524
1472972552345 1472972552468
1472972554343 1472972554516
1472972556357 1472972556471
1472972558346 1472972558513
1472972560352 1472972560555
1472972562347 1472972562502
1472972564349 1472972564555
1472972566350 1472972566495
1472972568351 1472972568542
1472972570352 1472972570494
1472972572355 1472972572534
1472972574655 1472972574796
1472972576353 1472972576527
1472972578356 1472972578484
1472972580357 1472972580523
1472972582358 1472972582483
1472972584360 1472972584617
1472972586363 1472972586479
1472972588364 1472972588518
1472972590365 1472972590564
1472972592368 1472972592504
1472972594369 1472972594547
1472972596372 1472972596509
1472972598372 1472972598543
1472972600374 1472972600500
1472972602398 1472972602546
1472972604377 1472972604492
1472972606379 1472972606530
1472972608382 1472972608581
1472972610383 1472972610532
1472972612383 1472972612575
1472972614385 1472972614511
1472972616392 1472972616572
1472972618387 1472972618522
