1472972418253 1472972418472
1472972420558 1472972420672
1472972422255 1472972422354
1472972424254 1472972424352
1472972426256 1472972426381
1472972428259 1472972428404
1472972430261 1472972430351
1472972432262 1472972432354
1472972434264 1472972434357
1472972436264 1472972436355
1472972438267 1472972438351
1472972440268 1472972440372
1472972442270 1472972442357
1472972444269 1472972444379
1472972446272 1472972446379
1472972448276 1472972448377
1472972450277 1472972450378
1472972452278 1472972452362
1472972454281 1472972454370
1472972456282 1472972456358
1472972458285 1472972458375
1472972460286 1472972460391
1472972462286 1472972462366
1472972464289 1472972464379
1472972466292 1472972466436
1472972468292 1472972468402
1472972470294 1472972470392
1472972472297 1472972472406
1472972474298 1472972474395
1472972476299 1472972476406
1472972478302 1472972478381
1472972480300 1472972480385
1472972482302 1472972482390
1472972484301 1472972484383
1472972486304 1472972486414
1472972488321 1472972488397
1472972490313 1472972490410
1472972492308 1472972492389
1472972494308 1472972494395
1472972496310 1472972496391
1472972498312 1472972498417
1472972500315 1472972500408
1472972502316 1472972502406
1472972504316 1472972504412
1472972506318 1472972506404
1472972508318 1472972508416
1472972510323 1472972510418
1472972512323 1472972512422
1472972514324 1472972514415
1472972516325 1472972516422
1472972518326 1472972518457
1472972520328 1472972520444
1472972522330 1472972522427
1472972524330 1472972524427
1472972526332 1472972526438
1472972528330 1472972528441
1472972530330 1472972530420
1472972532332 1472972532436
1472972534333 1472972534437
1472972536333 1472972536423
1472972538334 1472972538437
1472972540335 1472972540427
1472972542337 1472972542455
1472972544336 1472972544445
1472972546337 1472972546434
1472972548338 1472972548466
1472972550340 1472972550427
1472972552345 1472972552442
1472972554343 1472972554435
1472972556357 1472972556474
1472972558346 1472972558437
1472972560352 1472972560467
1472972562347 1472972562453
1472972564349 1472972564449
1472972566350 1472972566467
1472972568351 1472972568451
1472972570352 1472972570445
1472972572355 1472972572452
1472972574655 1472972574753
1472972576353 1472972576426
1472972578356 1472972578466
1472972580357 1472972580458
1472972582358 1472972582455
1472972584360 1472972584452
1472972586363 1472972586466
1472972588364 1472972588488
1472972590365 1472972590458
1472972592368 1472972592460
1472972594369 1472972594480
1472972596372 1472972596489
1472972598372 1472972598467
1472972600374 1472972600485
1472972602398 1472972602494
1472972604377 1472972604485
1472972606379 1472972606478
1472972608382 1472972608490
1472972610383 1472972610502
1472972612383 1472972612481
1472972614385 1472972614484
1472972616392 1472972616486
1472972618387 1472972618517
