1473989007471 981
1473989009550 660
1473989011611 620
1473989013671 629
1473989015721 634
1473989017791 1001
1473989019863 578
1473989021921 766
1473989023971 683
1473989026021 836
1473989028071 716
1473989030122 783
1473989032171 757
1473989034221 735
1473989036271 720
1473989038321 639
1473989040371 627
1473989042440 741
1473989044516 769
1473989046591 801
1473989048661 793
1473989050712 771
1473989052771 732
1473989054821 865
1473989056871 589
1473989058921 709
1473989060975 881
1473989063021 933
1473989065071 620
1473989067141 975
1473989069211 694
