1473987945662 127
1473987947687 109
1473987949706 92
1473987951726 81
1473987953749 77
1473987955770 76
1473987957786 95
1473987959806 85
1473987961826 76
1473987963846 109
1473987965870 63
1473987967886 77
1473987969906 85
1473987971930 84
1473987973950 95
1473987975966 121
1473987977990 71
1473987980007 78
1473987982027 138
1473987984051 75
1473987986070 73
1473987988090 99
1473987990107 89
1473987992130 67
1473987994147 121
1473987996167 73
1473987998187 83
1473988000207 118
1473988002227 107
1473988004253 120
1473988006277 113
1473988438201 183
1473988440221 95
1473988442241 80
1473988444264 86
1473988446285 78
1473988448301 98
1473988450320 102
1473988452342 112
1473988454361 93
1473988456381 125
1473988458401 99
1473988460421 101
1473988462441 112
1473988464461 94
1473988466481 94
1473988468501 126
1473988470524 84
1473988472541 88
1473988474564 153
1473988476585 85
1473988478601 86
1473988480620 109
1473988482644 88
1473988484661 86
1473988486681 135
1473988488701 83
1473988490720 91
1473988492744 118
1473988494760 86
1473988496782 93
1473988498801 127
