1473987850819 31
1473987852836 22
1473987854846 30
1473987856857 29
1473987858871 30
1473987860887 25
1473987862897 29
1473987864912 26
1473987866920 31
1473987868937 24
1473987870951 35
1473987872966 21
1473987874974 36
1473987876986 35
1473987879000 42
1473987881020 39
1473988313165 38
1473988315181 51
1473988317195 39
1473988319211 31
1473988321225 53
1473988323241 47
1473988325255 39
1473988327271 43
1473988329281 48
1473988331294 47
1473988333304 33
1473988335321 47
1473988337335 40
1473988339351 45
1473988341364 40
1473988343381 51
1473988345393 58
1473988347411 39
1473988349418 44
1473988351430 47
1473988353443 45
1473988355455 49
1473988357470 44
1473988359485 54
1473988361501 49
1473988363511 44
1473988365525 41
1473988367544 48
1473988369556 47
1473988371568 49
1473988373578 49
