1473989071270 874
1473989073351 488
1473989075422 539
1473989077480 1056
1473989079530 664
1473989081611 819
1473989083672 933
1473989085731 793
1473989087791 883
1473989089861 817
1473989091921 691
1473989093981 654
1473989096061 798
1473989098122 722
1473989100183 885
1473989102230 819
1473989104281 780
1473989106331 1039
1473989108400 978
1473989110470 974
1473989112521 872
1473989114583 966
1473989116631 741
1473989118680 1197
1473989120727 742
1473989122780 650
1473989124861 498
1473989126923 485
1473989128981 631
1473989131057 470
1473989133121 1017
