1473989135201 1225
1473989137281 1493
1473989139341 1859
1473989141431 1636
1473989143491 1303
1473989145571 1094
1473989147638 1116
1473989149691 1102
1473989151771 1508
1473989153835 1115
1473989155905 1125
1473989157981 1280
1473989160041 1101
1473989162127 1424
1473989164236 928
1473989166300 1766
1473989168380 1360
1473989170470 1909
1473989172561 1309
1473989174631 1691
1473989176694 1873
1473989178781 1958
1473989180852 1034
1473989182931 2826
1473989184991 2337
1473989187073 1778
1473989189161 1994
1473989191261 1818
1473989193331 2164
1473989195451 2156
1473989197531 2389
