1473988230671 26
1473988232679 19
1473988234685 29
1473988236700 25
1473988238710 23
1473988240725 27
1473988242736 28
1473988244746 27
1473988246765 36
1473988248780 39
1473988250800 29
1473988252814 30
1473988254823 35
1473988256840 33
1473988258850 28
1473988260860 29
1473988262870 29
1473988264884 34
1473988266900 37
1473988268914 50
1473988270930 37
1473988272940 45
1473988274953 39
1473988276960 39
1473988278970 46
1473988280984 52
1473988283000 37
1473988285010 43
1473988287020 42
1473988289034 38
1473988291041 41
1473988293055 45
1473988295071 35
1473988297081 45
1473988299091 41
1473988301097 41
1473988303113 39
1473988305122 23
1473988307131 37
1473988309140 20
1473988311154 43
