1473988008297 211
1473988010326 208
1473988012347 128
1473988014377 187
1473988016407 140
1473988018437 124
1473988020459 108
1473988022487 167
1473988024507 225
1473988026537 226
1473988028567 249
1473988030601 151
1473988032627 135
1473988034657 191
1473988036687 166
1473988038707 151
1473988040737 383
1473988042767 355
1473988044797 323
1473988046827 290
1473988048852 330
1473988050877 285
1473988052901 166
1473988054927 182
1473988056956 118
1473988058976 142
1473988060997 141
1473988063027 221
1473988065058 254
1473988067087 178
1473988069107 174
1473988500821 199
1473988502850 153
1473988504874 159
1473988506901 195
1473988508931 147
1473988510950 173
1473988512980 164
1473988515011 162
1473988517041 200
1473988519072 175
1473988521100 176
1473988523130 199
1473988525150 197
1473988527171 220
1473988529201 163
1473988531231 198
1473988533250 170
1473988535274 164
1473988537301 195
1473988539335 184
1473988541359 156
1473988543381 185
1473988545411 194
1473988547443 255
1473988549474 201
1473988551504 164
1473988553531 177
1473988555551 279
1473988557581 174
1473988559601 173
1473988561631 174
