1473988071140 204
1473988073167 257
1473988075197 403
1473988077226 152
1473988079256 145
1473988081286 162
1473988083306 241
1473988085337 215
1473988087357 267
1473988089387 312
1473988091417 171
1473988093447 182
1473988095477 270
1473988097507 241
1473988099547 192
1473988101577 161
1473988103607 150
1473988105636 183
1473988107666 392
1473988109697 401
1473988111727 391
1473988113757 380
1473988115787 407
1473988117816 334
1473988563653 271
1473988565681 304
1473988567711 225
1473988569741 185
1473988571771 194
1473988573801 215
1473988575831 234
1473988577860 236
1473988579891 223
1473988581934 181
1473988583961 192
1473988585991 184
1473988588021 225
1473988590050 291
1473988592094 258
1473988594121 227
1473988596151 184
1473988598181 214
1473988600203 193
1473988602231 209
1473988604261 230
1473988606291 275
1473988608343 232
1473988610372 204
1473988612401 204
1473988614431 196
1473988616461 244
1473988618491 215
1473988620520 247
1473988622550 231
1473988624581 175
