1473988626611 265
1473988628652 268
1473988630694 295
1473988632731 226
1473988634761 316
1473988636795 267
1473988638831 244
1473988640861 237
1473988642903 268
1473988644941 394
1473988646999 330
1473988649043 348
1473988651083 205
1473988653100 237
1473988655140 299
1473988657183 262
1473988659210 306
1473988661250 325
1473988663290 330
1473988665333 250
1473988667360 353
1473988669401 329
1473988671441 309
1473988673481 322
1473988675521 379
1473988677551 366
1473988679591 233
1473988681631 253
1473988683688 228
1473988685721 292
1473988687751 286
