1473988689791 408
1473988691831 385
1473988693894 300
1473988695941 345
1473988697981 294
1473988700011 334
1473988702051 258
1473988704091 730
1473988706142 408
1473988708180 419
1473988710221 409
1473988712260 340
1473988714301 287
1473988716342 316
1473988718381 380
1473988720411 445
1473988722451 389
1473988724491 271
1473988726531 287
1473988728561 336
1473988730601 477
1473988732641 428
1473988734681 377
1473988736711 458
1473988738751 409
1473988740791 317
1473988742831 302
1473988744861 349
1473988746901 343
1473988748952 378
1473988751001 387
