1473987883036 79
1473987885061 66
1473987887077 64
1473987889096 66
1473987891121 62
1473987893137 66
1473987895157 64
1473987897176 66
1473987899196 62
1473987901216 64
1473987903237 64
1473987905256 52
1473987907276 59
1473987909296 64
1473987911320 68
1473987913336 62
1473987915356 62
1473987917380 50
1473987919400 55
1473987921420 59
1473987923436 80
1473987925456 63
1473987927476 52
1473987929500 75
1473987931526 63
1473987933546 65
1473987935570 49
1473987937590 56
1473987939606 56
1473987941626 125
1473987943651 54
1473988375586 83
1473988377601 69
1473988379621 69
1473988381644 68
1473988383664 68
1473988385681 83
1473988387703 72
1473988389721 79
1473988391743 67
1473988393761 76
1473988395784 73
1473988397804 70
1473988399821 74
1473988401844 67
1473988403861 76
1473988405881 75
1473988407901 78
1473988409921 71
1473988411941 73
1473988413961 73
1473988415985 64
1473988418001 74
1473988420021 83
1473988422041 73
1473988424061 74
1473988426081 73
1473988428101 78
1473988430121 70
1473988432141 87
1473988434161 75
1473988436180 65
