1473988753041 472
1473988755091 377
1473988757141 368
1473988759191 405
1473988761241 384
1473988763291 369
1473988765341 438
1473988767401 448
1473988769445 432
1473988771492 504
1473988773541 379
1473988775590 361
1473988777641 350
1473988779690 375
1473988781740 433
1473988783790 486
1473988785850 460
1473988787901 458
1473988789950 565
1473988792000 378
1473988794051 369
1473988796101 446
1473988798153 429
1473988800200 497
1473988802250 490
1473988804301 461
1473988806351 489
1473988808401 465
1473988810451 338
1473988812503 368
1473988814548 415
