1473988816601 462
1473988818651 485
1473988820701 524
1473988822751 472
1473988824801 464
1473988826851 392
1473988828900 440
1473988830950 380
1473988833000 467
1473988835051 540
1473988837101 555
1473988839151 543
1473988841201 463
1473988843251 427
1473988845301 445
1473988847351 442
1473988849404 465
1473988851450 478
1473988853501 568
1473988855551 488
1473988857601 413
1473988859651 461
1473988861701 403
1473988863751 448
1473988865801 513
1473988867851 541
1473988869901 568
1473988871951 557
1473988874001 510
1473988876050 397
1473988878103 430
