1473988880151 419
1473988882211 538
1473988884261 514
1473988886315 605
1473988888361 568
1473988890411 645
1473988892479 455
1473988894542 482
1473988896601 458
1473988898661 423
1473988900714 509
1473988902761 753
1473988904811 604
1473988906884 585
1473988908920 634
1473988910960 447
1473988913010 480
1473988915070 453
1473988917131 435
1473988919171 535
1473988921240 560
1473988923271 640
1473988925320 608
1473988927370 576
1473988929420 598
1473988931470 407
1473988933510 530
1473988935556 512
1473988937611 548
1473988939661 592
1473988941721 631
