1473988943766 683
1473988945831 654
1473988947881 884
1473988949953 670
1473988952011 848
1473988954084 514
1473988956122 691
1473988958171 660
1473988960244 627
1473988962302 647
1473988964361 597
1473988966411 538
1473988968461 495
1473988970521 556
1473988972591 576
1473988974656 592
1473988976710 620
1473988978760 676
1473988980830 470
1473988982880 488
1473988984920 472
1473988986970 644
1473988989020 616
1473988991070 636
1473988993120 645
1473988995169 664
1473988997221 486
1473988999271 549
1473989001319 511
1473989003371 487
1473989005421 495
