1473926036536 1134
1473926038575 1160
1473926040615 1076
1473926042655 1118
1473926044706 1228
1473926046755 1066
1473926048796 979
1473926050837 1133
1473926052885 886
1473926054935 1125
1473926056976 1276
1473926059015 1254
1473926061065 1004
1473926063114 990
1473926065159 1113
1473926067204 1373
1473926069245 1068
1473926071285 1633
1473926073334 1139
1473926075374 1240
1473926077424 1210
1473926079468 1126
1473926081514 1127
1473926083558 1256
1473926085604 2023
1473926087644 1756
1473926089695 1756
1473926091734 1239
1473926093777 1202
1473926095823 1264
1473926097867 1263
