1473925466390 259
1473925468419 150
1473925470450 226
1473925472480 155
1473925474509 -192
1473925476542 214
1473925478567 122
1473925480589 -219
1473925482619 141
1473925484649 193
1473925486679 682
1473925488702 615
1473925490729 230
1473925492759 65
1473925494782 115
1473925496809 417
1473925498839 468
1473925500869 366
1473925502898 428
1473925504929 180
1473925506959 126
1473925508980 225
1473925511009 345
1473925513031 317
1473925515058 108
1473925517088 225
1473925519118 375
1473925521149 350
1473925523178 327
1473925525209 375
1473925527239 398
