1473925340814 33
1473925342835 64
1473925344858 89
1473925346883 -47
1473925348913 28
1473925350933 51
1473925352953 85
1473925354973 25
1473925356989 40
1473925359013 53
1473925361028 87
1473925363053 24
1473925365072 53
1473925367102 67
1473925369126 88
1473925371152 15
1473925373182 41
1473925375202 53
1473925377222 78
1473925379246 35
1473925381272 50
1473925383288 124
1473925385319 73
1473925387341 100
1473925389367 34
1473925391391 46
1473925393411 76
1473925395442 22
1473925397461 43
1473925399496 35
1473925401521 56
