1473926099912 1640
1473926101957 1368
1473926104004 1698
1473926106053 1657
1473926108103 2005
1473926110154 1789
1473926112204 1587
1473926114245 1683
1473926116294 1597
1473926118341 1910
1473926120394 1906
1473926122443 1557
1473926124493 1963
1473926126854 1797
1473926128904 1998
1473926130953 1567
1473926133003 1491
1473926135054 1678
1473926137104 1580
1473926139153 2003
1473926141203 1320
1473926143263 1139
1473926145321 1608
1473926147371 1637
1473926149423 1594
1473926151473 1621
1473926153523 1108
1473926155572 1207
1473926157623 1540
1473926159676 1276
1473926161722 1313
