1473926163773 1623
1473926165832 1266
1473926167893 1513
1473926169942 1717
1473926171992 1786
1473926174052 1553
1473926176112 1772
1473926178172 1834
1473926180229 1996
1473926182279 1729
1473926184336 1726
1473926186392 2345
1473926188452 2371
1473926190512 1808
1473926192570 2321
1473926194631 2200
1473926196682 2384
1473926198734 2450
1473926200806 2645
1473926202920 2704
1473926205060 2604
1473926207175 2809
1473926209319 2879
1473926211438 3185
1473926213568 3088
1473926215713 3432
1473926217831 3462
1473926219960 3936
1473926222089 4092
1473926224201 3992
1473926226362 3146
