1473925221494 57
1473925223515 5
1473925225539 16
1473925227562 30
1473925229587 51
1473925231608 80
1473925233632 15
1473925235656 21
1473925237672 57
1473925239683 34
1473925241715 19
1473925243734 32
1473925245755 65
1473925247784 18
1473925249806 15
1473925251826 36
1473925253852 56
1473925255875 18
1473925257896 21
1473925259919 31
1473925261945 101
1473925263970 70
1473925265995 47
1473925268013 25
1473925270034 53
1473925272054 29
1473925274075 29
1473925276104 26
1473925278129 59
1473925280147 88
1473925282175 18
1473925284194 22
1473925286216 50
1473925288245 57
1473925290265 30
1473925292294 21
1473925294314 40
1473925296334 68
1473925298354 30
1473925300385 22
1473925302404 41
1473925304424 58
1473925306451 24
1473925308474 22
1473925310494 36
1473925312513 64
1473925314529 26
1473925316554 25
1473925318573 49
1473925320596 73
1473925322611 24
1473925324633 33
1473925326664 46
1473925328678 79
1473925330703 21
1473925332723 30
1473925334743 54
1473925336760 -1473925336760
1473925338792 21
