1473925529268 5
1473925531308 546
1473925533338 534
1473925535368 395
1473925537398 330
1473925539427 649
1473925541458 342
1473925543487 477
1473925545517 611
1473925547547 426
1473925549578 642
1473925551607 377
1473925553637 584
1473925555663 588
1473925557690 402
1473925559718 642
1473925561748 302
1473925563779 633
1473925565817 265
1473925567847 599
1473925569877 505
1473925571907 625
1473925573936 196
1473925575967 558
1473925577997 681
1473925580027 710
1473925582066 405
1473925584097 606
1473925586127 470
1473925588152 533
1473925590186 618
