1473925592216 490
1473925594257 778
1473925596289 488
1473925598326 757
1473925600365 607
1473925602407 632
1473925604447 726
1473925606486 959
1473925608525 855
1473925610566 780
1473925612613 914
1473925614656 668
1473925616689 824
1473925618725 740
1473925620766 693
1473925622809 708
1473925624866 777
1473925626903 781
1473925628948 -1473925628948
1473925630985 486
1473925633025 726
1473925635066 320
1473925637105 659
1473925639142 866
1473925641196 447
1473925643235 463
1473925645275 821
1473925647316 888
1473925649355 802
1473925651395 658
1473925653427 656
