1473925655465 764
1473925657505 804
1473925659545 857
1473925661585 840
1473925663625 865
1473925665672 1010
1473925667714 869
1473925669755 701
1473925671796 1014
1473925673844 811
1473925675884 885
1473925677925 802
1473925679964 745
1473925682014 440
1473925684054 722
1473925686095 924
1473925688154 789
1473925690194 841
1473925692234 820
1473925694274 624
1473925696317 631
1473925698364 953
1473925700404 784
1473925702444 795
1473925704484 793
1473925706523 643
1473925708564 873
1473925710603 805
1473925712654 813
1473925714693 896
1473925716735 1006
