1473925718783 1052
1473925720833 1420
1473925722875 2017
1473925724923 1079
1473925726963 659
1473925729024 1171
1473925731083 1035
1473925733133 710
1473925735183 1231
1473925737229 828
1473925739283 1153
1473925741332 916
1473925743384 700
1473925745422 972
1473925747473 1185
1473925749522 817
1473925751572 1135
1473925753614 820
1473925755662 788
1473925757705 1010
1473925759752 1018
1473925761798 1050
1473925763842 938
1473925765892 795
1473925767938 910
1473925769994 1038
1473925772042 1187
1473925774091 997
1473925776141 896
1473925778192 1026
1473925780242 1028
