1473925403539 110
1473925405571 91
1473925407601 110
1473925409632 400
1473925411651 364
1473925413680 226
1473925415711 158
1473925417730 131
1473925419760 147
1473925421791 -5
1473925423821 179
1473925425851 131
1473925427880 369
1473925429911 270
1473925431941 285
1473925433965 246
1473925435991 203
1473925438010 257
1473925440040 289
1473925442070 158
1473925444100 170
1473925446121 227
1473925448150 118
1473925450180 67
1473925452210 119
1473925454231 141
1473925456260 200
1473925458279 -7
1473925460310 246
1473925462339 168
1473925464363 146
