1473925782292 1235
1473925784342 1031
1473925786392 1052
1473925788441 857
1473925790501 1033
1473925792547 965
1473925794588 1210
1473925796642 1128
1473925798691 791
1473925800741 885
1473925802791 3397
1473925804842 3229
1473925806901 1654
1473925808961 1146
1473925811011 1181
1473925813061 1373
1473925815111 985
1473925817160 1161
1473925819221 1067
1473925821271 1227
1473925823331 1108
1473925825381 1267
1473925827432 1168
1473925829480 1098
1473925831530 1299
1473925833590 803
1473925835639 943
1473925837701 1157
1473925839750 1008
1473925841800 1403
1473925843861 934
