1473925845910 1251
1473925847960 1677
1473925850020 1214
1473925852070 1336
1473925854129 1858
1473925856183 1950
1473925858240 1467
1473925860300 1714
1473925862360 1662
1473925864420 1257
1473925866470 1085
1473925868529 1267
1473925870589 1829
1473925872640 1246
1473925874690 970
1473925876749 1334
1473925878809 1324
1473925880869 1518
1473925882929 1829
1473925885289 1285
1473925887340 1800
1473925889400 1607
1473925891451 1668
1473925893509 1585
1473925895559 1904
1473925897619 1813
1473925899669 1273
1473925901719 1210
1473925903779 1593
1473925905829 1672
1473925907887 1544
