1473925909938 1402
1473925911999 1738
1473925914039 1632
1473925916079 1931
1473925918118 1748
1473925920169 1353
1473925922209 1719
1473925924258 2100
1473925926299 1776
1473925928339 1175
1473925930371 1412
1473925932419 1356
1473925934459 1282
1473925936498 1538
1473925938538 1717
1473925940577 982
1473925942611 847
1473925944658 846
1473925946698 467
1473925948738 771
1473925950777 835
1473925952821 875
1473925954858 798
1473925956898 934
1473925958930 1330
1473925960968 1536
1473925963007 1121
1473925965057 984
1473925967098 872
1473925969138 2058
1473925971177 1689
