1473925973214 1651
1473925975266 1092
1473925977309 1105
1473925979350 895
1473925981386 900
1473925983425 986
1473925985477 889
1473925987516 916
1473925989556 1220
1473925991607 1004
1473925993649 1049
1473925995689 913
1473925997737 1068
1473925999777 1012
1473926001819 1007
1473926003856 1118
1473926005897 1169
1473926007937 1170
1473926009977 849
1473926012017 953
1473926014059 926
1473926016100 894
1473926018146 879
1473926020186 913
1473926022237 1019
1473926024278 1033
1473926026319 1007
1473926028365 900
1473926030406 934
1473926032456 949
1473926034496 1046
