1472971762264 1472971762327
1472971764266 1472971764303
1472971766267 1472971766303
1472971768269 1472971768319
1472971770272 1472971770317
1472971772272 1472971772321
1472971774274 1472971774312
1472971776275 1472971776309
1472971778276 1472971778308
1472971780277 1472971780307
1472971782278 1472971782311
1472971784279 1472971784308
1472971786279 1472971786309
1472971788281 1472971788310
1472971790282 1472971790307
1472971792282 1472971792321
1472971794282 1472971794321
1472971796286 1472971796316
1472971798291 1472971798328
1472971800290 1472971800320
1472971802289 1472971802331
1472971804289 1472971804315
1472971806289 1472971806316
1472971808290 1472971808325
1472971810299 1472971810325
1472971812294 1472971812327
1472971814296 1472971814337
1472971816302 1472971816345
1472971818297 1472971818362
1472971820301 1472971820342
1472971822303 1472971822362
1472971824305 1472971824336
1472971826309 1472971826353
1472971828311 1472971828343
1472971830312 1472971830350
1472971832313 1472971832352
1472971834314 1472971834346
1472971836318 1472971836346
1472971838320 1472971838361
1472971840322 1472971840355
1472971842323 1472971842359
1472971844327 1472971844356
1472971846329 1472971846367
1472971848330 1472971848366
1472971850333 1472971850369
1472971852334 1472971852365
1472971854338 1472971854378
1472971856338 1472971856381
1472971858339 1472971858376
1472971860339 1472971860380
1472971862344 1472971862375
1472971864341 1472971864370
