1472971663302 1472971663519
1472971664178 1472971664227
1472971666178 1472971666239
1472971668181 1472971668241
1472971670184 1472971670235
1472971672186 1472971672241
1472971674188 1472971674246
1472971676190 1472971676242
1472971678195 1472971678257
1472971680193 1472971680260
1472971682196 1472971682248
1472971684197 1472971684257
1472971686200 1472971686265
1472971688200 1472971688255
1472971690200 1472971690255
1472971692201 1472971692258
1472971694202 1472971694259
1472971696202 1472971696260
1472971698206 1472971698280
1472971700203 1472971700273
1472971702214 1472971702271
1472971704206 1472971704283
1472971706211 1472971706273
1472971708213 1472971708293
1472971710215 1472971710258
1472971712218 1472971712284
1472971714222 1472971714293
1472971716226 1472971716287
1472971718225 1472971718287
1472971720226 1472971720275
1472971722231 1472971722306
1472971724232 1472971724283
1472971726233 1472971726299
1472971728236 1472971728298
1472971730236 1472971730307
1472971732237 1472971732277
1472971734241 1472971734339
1472971736242 1472971736277
1472971738244 1472971738308
1472971740247 1472971740292
1472971742250 1472971742302
1472971744252 1472971744303
1472971746255 1472971746300
1472971748256 1472971748322
1472971750257 1472971750297
1472971752259 1472971752299
1472971754260 1472971754299
1472971756261 1472971756309
1472971758264 1472971758331
1472971760263 1472971760305
1472971762264 1472971762314
1472971764266 1472971764311
1472971766267 1472971766321
1472971768269 1472971768339
1472971770272 1472971770343
1472971772272 1472971772343
1472971774274 1472971774330
1472971776275 1472971776322
1472971778276 1472971778360
1472971780277 1472971780329
1472971782278 1472971782331
1472971784279 1472971784326
1472971786279 1472971786330
1472971788281 1472971788323
1472971790282 1472971790326
1472971792282 1472971792341
1472971794282 1472971794339
1472971796286 1472971796420
1472971798291 1472971798345
1472971800290 1472971800337
1472971802289 1472971802348
1472971804289 1472971804331
1472971806289 1472971806329
1472971808290 1472971808340
1472971810299 1472971810344
1472971812294 1472971812344
1472971814296 1472971814361
1472971816302 1472971816359
1472971818297 1472971818390
1472971820301 1472971820353
1472971822303 1472971822372
1472971824305 1472971824380
1472971826309 1472971826369
1472971828311 1472971828360
1472971830312 1472971830371
1472971832313 1472971832379
1472971834314 1472971834366
1472971836318 1472971836369
1472971838320 1472971838374
1472971840322 1472971840375
1472971842323 1472971842377
1472971844327 1472971844369
1472971846329 1472971846382
1472971848330 1472971848383
1472971850333 1472971850381
1472971852334 1472971852384
1472971854338 1472971854397
1472971856338 1472971856400
1472971858339 1472971858391
1472971860339 1472971860404
1472971862344 1472971862443
1472971864341 1472971864387
