1472971564072 1472971564223
1472971566074 1472971566267
1472971568078 1472971568317
1472971570081 1472971570152
1472971572082 1472971572201
1472971574085 1472971574254
1472971576088 1472971576327
1472971578092 1472971578148
1472971580093 1472971580187
1472971582095 1472971582239
1472971584098 1472971584288
1472971586100 1472971586335
1472971588103 1472971588175
1472971590106 1472971590226
1472971592107 1472971592273
1472971594109 1472971594323
1472971596115 1472971596165
1472971598113 1472971598211
1472971600114 1472971600264
1472971602113 1472971602315
1472971604117 1472971604357
1472971606117 1472971606197
1472971608118 1472971608250
1472971610122 1472971610297
1472971612121 1472971612344
1472971614121 1472971614183
1472971616122 1472971616236
1472971618126 1472971618286
1472971620128 1472971620334
1472971622126 1472971622170
1472971624127 1472971624219
1472971626131 1472971626272
1472971628134 1472971628211
1472971630135 1472971630263
1472971632138 1472971632313
1472971634142 1472971634361
1472971636144 1472971636201
1472971638145 1472971638246
1472971640147 1472971640299
1472971642149 1472971642347
1472971644148 1472971644396
1472971646154 1472971646234
1472971648156 1472971648285
1472971650158 1472971650334
1472971652170 1472971652384
1472971654163 1472971654221
1472971656165 1472971656268
1472971658168 1472971658322
1472971660171 1472971660369
1472971663302 1472971663444
1472971664178 1472971664256
1472971666178 1472971666312
1472971668181 1472971668355
1472971670184 1472971670403
1472971672186 1472971672244
1472971674188 1472971674299
1472971676190 1472971676361
1472971678195 1472971678391
1472971680193 1472971680438
1472971682196 1472971682279
1472971684197 1472971684337
1472971686200 1472971686378
1472971688200 1472971688427
1472971690200 1472971690265
1472971692201 1472971692313
1472971694202 1472971694367
1472971696202 1472971696413
1472971698206 1472971698265
1472971700203 1472971700300
1472971702214 1472971702353
1472971704206 1472971704401
1472971706211 1472971706450
1472971708213 1472971708287
1472971710215 1472971710341
1472971712218 1472971712390
1472971714222 1472971714438
1472971716226 1472971716282
1472971718225 1472971718322
1472971720226 1472971720377
1472971722231 1472971722422
1472971724232 1472971724467
1472971726233 1472971726308
1472971728236 1472971728363
1472971730236 1472971730410
1472971732237 1472971732460
1472971734241 1472971734298
1472971736242 1472971736346
1472971738244 1472971738398
1472971740247 1472971740446
1472971742250 1472971742491
1472971744252 1472971744330
1472971746255 1472971746385
1472971748256 1472971748433
1472971750257 1472971750481
1472971752259 1472971752317
1472971754260 1472971754364
1472971756261 1472971756418
1472971758264 1472971758467
1472971760263 1472971760321
1472971762264 1472971762351
1472971764266 1472971764413
1472971766267 1472971766452
1472971768269 1472971768501
1472971770272 1472971770340
1472971772272 1472971772390
1472971774274 1472971774438
1472971776275 1472971776488
1472971778276 1472971778328
1472971780277 1472971780375
1472971782278 1472971782428
1472971784279 1472971784478
1472971786279 1472971786325
1472971788281 1472971788360
1472971790282 1472971790416
1472971792282 1472971792460
1472971794282 1472971794509
1472971796286 1472971796348
1472971798291 1472971798399
1472971800290 1472971800449
1472971802289 1472971802495
1472971804289 1472971804334
1472971806289 1472971806384
1472971808290 1472971808437
1472971810299 1472971810483
1472971812294 1472971812533
1472971814296 1472971814369
1472971816302 1472971816418
1472971818297 1472971818470
1472971820301 1472971820518
1472971822303 1472971822569
1472971824305 1472971824404
1472971826309 1472971826457
1472971828311 1472971828506
1472971830312 1472971830553
1472971832313 1472971832392
1472971834314 1472971834447
1472971836318 1472971836492
1472971838320 1472971838541
1472971840322 1472971840381
1472971842323 1472971842425
1472971844327 1472971844479
1472971846329 1472971846523
1472971848330 1472971848388
1472971850333 1472971850413
1472971852334 1472971852465
1472971854338 1472971854513
1472971856338 1472971856562
1472971858339 1472971858400
1472971860339 1472971860452
1472971862344 1472971862500
1472971864341 1472971864552
