1472971465999 1472971466181
1472971468000 1472971468094
1472971470001 1472971470144
1472971472004 1472971472095
1472971474005 1472971474134
1472971476006 1472971476084
1472971478007 1472971478134
1472971480008 1472971480183
1472971482010 1472971482124
1472971484011 1472971484169
1472971486012 1472971486113
1472971488011 1472971488163
1472971490013 1472971490113
1472971492014 1472971492138
1472971494015 1472971494103
1472971496016 1472971496138
1472971498017 1472971498103
1472971500018 1472971500142
1472971502019 1472971502092
1472971504020 1472971504142
1472971506020 1472971506192
1472971508021 1472971508133
1472971510022 1472971510177
1472971512022 1472971512122
1472971514025 1472971514172
1472971516024 1472971516122
1472971518026 1472971518171
1472971520026 1472971520112
1472971522026 1472971522162
1472971524028 1472971524111
1472971526036 1472971526152
1472971528346 1472971528511
1472971530034 1472971530151
1472971532033 1472971532201
1472971534036 1472971534136
1472971536039 1472971536191
1472971538040 1472971538131
1472971540043 1472971540181
1472971542048 1472971542113
1472971544049 1472971544176
1472971546050 1472971546220
1472971548053 1472971548171
1472971550057 1472971550220
1472971552060 1472971552161
1472971554063 1472971554212
1472971556063 1472971556161
1472971558065 1472971558211
1472971560070 1472971560151
1472971562071 1472971562201
1472971564072 1472971564250
1472971566074 1472971566180
1472971568078 1472971568244
1472971570081 1472971570190
1472971572082 1472971572230
1472971574085 1472971574180
1472971576088 1472971576230
1472971578092 1472971578170
1472971580093 1472971580219
1472971582095 1472971582269
1472971584098 1472971584209
1472971586100 1472971586259
1472971588103 1472971588210
1472971590106 1472971590260
1472971592107 1472971592199
1472971594109 1472971594249
1472971596115 1472971596199
1472971598113 1472971598239
1472971600114 1472971600184
1472971602113 1472971602239
1472971604117 1472971604279
1472971606117 1472971606228
1472971608118 1472971608278
1472971610122 1472971610214
1472971612121 1472971612268
1472971614121 1472971614219
1472971616122 1472971616268
1472971618126 1472971618210
1472971620128 1472971620253
1472971622126 1472971622209
1472971624127 1472971624248
1472971626131 1472971626294
1472971628134 1472971628248
1472971630135 1472971630288
1472971632138 1472971632238
1472971634142 1472971634288
1472971636144 1472971636229
1472971638145 1472971638272
1472971640147 1472971640228
1472971642149 1472971642278
1472971644148 1472971644317
1472971646154 1472971646268
1472971648156 1472971648317
1472971650158 1472971650257
1472971652170 1472971652307
1472971654163 1472971654257
1472971656165 1472971656297
1472971658168 1472971658242
1472971660171 1472971660297
1472971663302 1472971663480
1472971664178 1472971664216
1472971666178 1472971666222
1472971668181 1472971668286
1472971670184 1472971670328
1472971672186 1472971672276
1472971674188 1472971674326
1472971676190 1472971676254
1472971678195 1472971678316
1472971680193 1472971680366
1472971682196 1472971682294
1472971684197 1472971684356
1472971686200 1472971686308
1472971688200 1472971688357
1472971690200 1472971690296
1472971692201 1472971692347
1472971694202 1472971694286
1472971696202 1472971696336
1472971698206 1472971698265
1472971700203 1472971700335
1472971702214 1472971702375
1472971704206 1472971704312
1472971706211 1472971706376
1472971708213 1472971708315
1472971710215 1472971710353
1472971712218 1472971712315
1472971714222 1472971714367
1472971716226 1472971716305
1472971718225 1472971718355
1472971720226 1472971720295
1472971722231 1472971722345
1472971724232 1472971724397
1472971726233 1472971726340
1472971728236 1472971728385
1472971730236 1472971730321
1472971732237 1472971732384
1472971734241 1472971734325
1472971736242 1472971736374
1472971738244 1472971738306
1472971740247 1472971740376
1472971742250 1472971742414
1472971744252 1472971744437
1472971746255 1472971746414
1472971748256 1472971748354
1472971750257 1472971750404
1472971752259 1472971752355
1472971754260 1472971754394
1472971756261 1472971756339
1472971758264 1472971758396
1472971760263 1472971760333
1472971762264 1472971762383
1472971764266 1472971764435
1472971766267 1472971766369
1472971768269 1472971768411
1472971770272 1472971770375
1472971772272 1472971772423
1472971774274 1472971774364
1472971776275 1472971776409
1472971778276 1472971778363
1472971780277 1472971780403
1472971782278 1472971782353
1472971784279 1472971784403
1472971786279 1472971786432
1472971788281 1472971788393
1472971790282 1472971790443
1472971792282 1472971792383
1472971794282 1472971794432
1472971796286 1472971796382
1472971798291 1472971798433
1472971800290 1472971800372
1472971802289 1472971802417
1472971804289 1472971804372
1472971806289 1472971806415
1472971808290 1472971808462
1472971810299 1472971810413
1472971812294 1472971812570
1472971814296 1472971814403
1472971816302 1472971816452
1472971818297 1472971818502
1472971820301 1472971820441
1472971822303 1472971822487
1472971824305 1472971824442
1472971826309 1472971826481
1472971828311 1472971828432
1472971830312 1472971830481
1472971832313 1472971832421
1472971834314 1472971834471
1472971836318 1472971836422
1472971838320 1472971838461
1472971840322 1472971840390
1472971842323 1472971842461
1472971844327 1472971844401
1472971846329 1472971846451
1472971848330 1472971848501
1472971850333 1472971850453
1472971852334 1472971852491
1472971854338 1472971854440
1472971856338 1472971856491
1472971858339 1472971858426
1472971860339 1472971860481
1472971862344 1472971862430
1472971864341 1472971864550
