1473924606741 554
1473924608812 471
1473924610882 470
1473924612951 418
1473924615022 571
1473924617091 544
1473924619151 499
1473924621221 482
1473924623287 483
1473924625360 477
1473924627431 506
1473924629501 475
1473924631571 467
1473924633641 429
1473924635711 458
1473924637771 547
1473924639861 496
1473924641941 491
1473924644011 524
1473924646071 495
1473924648141 484
1473924650201 492
1473924652270 447
1473924654341 871
1473924656721 480
1473924658801 543
1473924660869 451
1473924662932 420
1473924665000 467
1473924667061 513
1473924669131 537
