1473924034606 202
1473924036636 193
1473924038676 195
1473924040706 368
1473924042736 146
1473924044766 188
1473924046796 194
1473924048818 219
1473924050846 139
1473924052876 157
1473924054906 174
1473924056935 192
1473924058966 212
1473924060995 218
1473924063025 139
1473924065047 155
1473924067075 209
1473924069099 251
1473924071126 249
1473924073155 124
1473924075185 151
1473924077209 191
1473924079234 216
1473924081265 211
1473924083295 205
1473924085324 179
1473924087355 223
1473924089384 213
1473924091414 240
1473924093443 141
1473924095464 142
