1473923909029 82
1473923911059 93
1473923913089 110
1473923915109 143
1473923917129 170
1473923919152 80
1473923921185 93
1473923923205 119
1473923925229 143
1473923927249 70
1473923929279 89
1473923931299 119
1473923933323 136
1473923935345 168
1473923937379 92
1473923939408 93
1473923941429 122
1473923943449 152
1473923945468 70
1473923947489 106
1473923949509 129
1473923951525 66
1473923953549 87
1473923955566 118
1473923957598 131
1473923959618 61
1473923961634 84
1473923963666 103
1473923965698 134
1473923967722 158
1473923969739 81
