1473924671190 574
1473924673250 529
1473924675339 577
1473924677410 537
1473924679480 567
1473924681550 510
1473924683630 594
1473924685710 614
1473924687790 498
1473924689869 662
1473924691960 551
1473924694039 562
1473924696109 615
1473924698199 570
1473924700259 555
1473924702340 548
1473924704409 528
1473924706480 592
1473924708559 532
1473924710635 613
1473924712700 629
1473924714779 534
1473924716841 598
1473924718918 525
1473924720989 519
1473924723068 586
1473924725158 587
1473924727231 465
1473924729298 601
1473924731378 551
1473924733458 548
