1473924735538 688
1473924737619 600
1473924739699 614
1473924741778 602
1473924743858 597
1473924745948 634
1473924748015 1921
1473924750228 687
1473924752308 688
1473924754388 728
1473924756478 647
1473924758568 600
1473924760639 754
1473924762718 676
1473924764817 650
1473924766898 891
1473924768977 654
1473924771067 727
1473924773158 677
1473924775247 639
1473924777337 672
1473924779427 650
1473924781528 649
1473924783617 681
1473924785685 594
1473924787777 659
1473924789857 616
1473924791937 615
1473924794016 701
1473924796107 709
1473924798180 609
