1473923785306 94
1473923787332 113
1473923789367 119
1473923791382 153
1473923793423 61
1473923795453 80
1473923797472 103
1473923799503 118
1473923801523 49
1473923803543 80
1473923805572 92
1473923807593 119
1473923809612 151
1473923811635 76
1473923813660 92
1473923815685 116
1473923817711 150
1473923819733 69
1473923821750 111
1473923823766 135
1473923825792 157
1473923827812 88
1473923829832 119
1473923831861 130
1473923833881 160
1473923835902 89
1473923837920 121
1473923839951 130
1473923841971 158
1473923843990 90
1473923846010 111
1473923848031 140
1473923850051 170
1473923852081 90
1473923854100 111
1473923856115 145
1473923858140 -1473923858140
1473923860165 95
1473923862191 105
1473923864221 130
1473923866241 160
1473923868261 89
1473923870290 100
1473923872310 129
1473923874330 159
1473923876360 70
1473923878383 206
1473923880410 220
1473923882435 245
1473923884460 70
1473923886484 796
1473923888810 520
1473923890830 150
1473923892846 59
1473923894870 85
1473923896892 127
1473923898920 148
1473923900940 57
1473923902970 87
1473923904989 120
1473923907010 149
