1473924097494 197
1473924099534 226
1473924101564 210
1473924103594 244
1473924105624 189
1473924107655 226
1473924109682 222
1473924111724 232
1473924113752 208
1473924115784 262
1473924117814 179
1473924119844 180
1473924121886 179
1473924123923 192
1473924125963 197
1473924128003 203
1473924130034 200
1473924132064 246
1473924134094 186
1473924136121 263
1473924138154 242
1473924140182 266
1473924142214 256
1473924144243 279
1473924146274 174
1473924148303 180
1473924150334 196
1473924152361 246
1473924154393 234
1473924156423 281
1473924158452 232
