1473924160483 260
1473924162523 280
1473924164573 262
1473924166613 248
1473924168647 269
1473924170692 251
1473924172732 272
1473924174771 264
1473924176813 308
1473924178853 323
1473924180892 319
1473924182931 307
1473924184972 240
1473924187012 276
1473924189051 280
1473924191102 223
1473924193143 249
1473924195181 251
1473924197222 261
1473924199262 258
1473924201301 286
1473924203341 272
1473924205392 270
1473924207432 288
1473924209469 284
1473924211522 319
1473924213561 319
1473924215601 229
1473924217635 235
1473924219669 250
1473924221713 248
