1473924223752 280
1473924225791 311
1473924227835 294
1473924229891 288
1473924231931 289
1473924233979 336
1473924236031 302
1473924238070 306
1473924240121 273
1473924242171 294
1473924244211 305
1473924246252 313
1473924248290 361
1473924250341 321
1473924252381 317
1473924254421 320
1473924256459 333
1473924258501 190
1473924260541 165
1473924262580 282
1473924264623 257
1473924266670 262
1473924268710 268
1473924270750 236
1473924272790 307
1473924274830 306
1473924276870 290
1473924278910 332
1473924280950 347
1473924283000 312
1473924285040 316
