1473924287090 354
1473924289130 365
1473924291170 369
1473924293220 332
1473924295270 420
1473924297320 399
1473924299369 370
1473924301419 414
1473924303470 381
1473924305519 358
1473924307569 353
1473924309619 361
1473924311669 394
1473924313729 361
1473924315789 343
1473924317849 316
1473924319899 340
1473924321949 330
1473924323999 299
1473924326049 310
1473924328096 322
1473924330148 367
1473924332199 293
1473924334246 343
1473924336299 313
1473924338347 311
1473924340396 343
1473924342448 291
1473924344498 290
1473924346548 307
1473924348598 561
