1473923971761 146
1473923973781 177
1473923975807 203
1473923977838 123
1473923979855 147
1473923981878 173
1473923983908 198
1473923985931 234
1473923987967 112
1473923989987 177
1473923992018 169
1473923994047 174
1473923996067 143
1473923998097 166
1473924000127 181
1473924002158 181
1473924004177 211
1473924006197 110
1473924008225 131
1473924010256 150
1473924012287 187
1473924014317 175
1473924016347 198
1473924018377 127
1473924020405 127
1473924022437 165
1473924024456 180
1473924026486 202
1473924028517 109
1473924030546 144
1473924032574 145
