1473924350948 302
1473924352998 471
1473924355058 435
1473924357108 383
1473924359188 361
1473924361239 404
1473924363287 373
1473924365337 386
1473924367387 428
1473924369437 356
1473924371498 402
1473924373548 334
1473924375618 395
1473924377668 325
1473924379712 347
1473924381766 345
1473924383814 398
1473924385877 373
1473924387927 365
1473924389977 453
1473924392027 408
1473924394078 478
1473924396137 387
1473924398187 397
1473924400239 416
1473924402297 356
1473924404346 348
1473924406397 411
1473924408456 335
1473924410507 421
1473924412567 331
