1473924414616 324
1473924416666 392
1473924418718 391
1473924420767 419
1473924422826 376
1473924424886 459
1473924426947 431
1473924429006 418
1473924431056 421
1473924433106 440
1473924435166 417
1473924437236 375
1473924439286 414
1473924441346 377
1473924443406 358
1473924445466 458
1473924447525 390
1473924449595 360
1473924451649 441
1473924453705 453
1473924455765 391
1473924457826 366
1473924459885 663
1473924462245 377
1473924464306 347
1473924466355 459
1473924468415 411
1473924470475 416
1473924472535 434
1473924474625 376
1473924476681 481
