1473924478755 441
1473924480825 448
1473924482885 451
1473924484945 408
1473924487005 417
1473924489064 405
1473924491123 475
1473924493195 460
1473924495254 411
1473924497314 544
1473924499375 465
1473924501458 395
1473924503514 391
1473924505575 469
1473924507644 430
1473924509703 415
1473924511764 425
1473924513826 426
1473924515884 436
1473924517944 380
1473924520003 359
1473924522064 484
1473924524124 435
1473924526186 506
1473924528246 528
1473924530311 469
1473924532374 427
1473924534444 408
1473924536503 482
1473924538573 447
1473924540633 462
