1473924542691 464
1473924544763 430
1473924546833 404
1473924548893 513
1473924550963 472
1473924553022 469
1473924555114 390
1473924557176 496
1473924559241 471
1473924561313 454
1473924563371 440
1473924565453 412
1473924567511 394
1473924569572 504
1473924571625 529
1473924573713 475
1473924575783 403
1473924577852 517
1473924579923 575
1473924581984 474
1473924584042 517
1473924586095 449
1473924588162 466
1473924590222 450
1473924592292 354
1473924594352 450
1473924596405 513
1473924598471 477
1473924600535 599
1473924602612 456
1473924604672 442
