1472968414522 1472968414645
1472968416526 1472968416563
1472968418522 1472968418626
1472968420523 1472968420680
1472968422527 1472968422605
1472968424527 1472968424669
1472968426528 1472968426618
1472968428528 1472968428666
1472968430530 1472968430607
1472968432530 1472968432656
1472968434533 1472968434711
1472968436535 1472968436646
1472968438533 1472968438696
1472968440535 1472968440646
1472968442537 1472968442688
1472968444537 1472968444636
1472968446541 1472968446685
1472968448541 1472968448632
1472968450542 1472968450675
1472968452544 1472968452621
1472968454547 1472968454677
1472968456548 1472968456717
1472968458548 1472968458665
1472968460550 1472968460716
1472968462552 1472968462656
1472968464554 1472968464706
1472968466555 1472968466645
1472968468556 1472968468695
1472968470557 1472968470647
1472968472557 1472968472696
1472968474560 1472968474635
1472968476560 1472968476687
1472968478560 1472968478624
1472968480564 1472968480679
1472968482559 1472968482620
1472968484560 1472968484674
1472968486563 1472968486716
1472968488571 1472968488665
1472968490569 1472968490714
1472968492572 1472968492656
1472968494571 1472968494704
1472968496572 1472968496653
1472968498576 1472968498693
1472968500576 1472968500643
1472968502580 1472968502694
1472968504584 1472968504746
1472968506583 1472968506683
1472968508584 1472968508716
1472968510588 1472968510687
1472968512588 1472968512723
1472968514589 1472968514669
1472968516594 1472968516724
1472968518593 1472968518663
1472968520593 1472968520713
1472968522599 1472968522764
1472968524598 1472968524698
1472968526599 1472968526752
1472968528600 1472968528702
1472968530602 1472968530752
1472968532601 1472968532692
1472968534605 1472968534740
1472968536605 1472968536694
1472968538609 1472968538732
1472968540608 1472968540682
1472968542610 1472968542732
1472968544614 1472968544762
1472968546615 1472968546723
1472968548616 1472968548643
1472968550619 1472968550713
1472968552617 1472968552762
1472968554619 1472968554730
1472968556622 1472968556760
1472968558621 1472968558703
1472968560621 1472968560749
1472968562622 1472968562680
1472968564624 1472968564741
1472968566628 1472968566691
1472968568624 1472968568743
1472968570627 1472968570772
1472968572628 1472968572732
1472968574629 1472968574762
1472968576629 1472968576721
1472968578630 1472968578757
1472968580632 1472968580722
1472968582634 1472968582754
1472968584635 1472968584710
1472968586640 1472968586760
1472968588639 1472968588793
1472968590642 1472968590750
1472968592644 1472968592788
1472968594643 1472968594749
1472968596649 1472968596779
1472968598649 1472968598739
1472968600650 1472968600772
1472968602654 1472968602732
1472968604653 1472968604766
1472968606653 1472968606729
1472968608657 1472968608759
1472968610670 1472968610808
1472968612655 1472968612752
1472968614675 1472968614801
1472968616658 1472968616760
1472968618658 1472968618795
1472968620659 1472968620759
1472968622659 1472968622789
1472968624660 1472968624749
1472968626663 1472968626781
1472968628664 1472968628739
1472968630664 1472968630774
1472968632665 1472968632738
1472968634667 1472968634822
1472968636666 1472968636728
1472968638669 1472968638761
1472968640669 1472968640810
1472968642670 1472968642755
1472968644673 1472968644803
1472968646672 1472968646747
1472968648673 1472968648796
1472968650676 1472968650743
1472968652676 1472968652787
1472968654683 1472968654748
1472968656682 1472968656785
1472968658679 1472968658831
1472968660678 1472968660777
1472968662682 1472968662825
1472968664686 1472968664770
1472968666683 1472968666815
1472968668685 1472968668763
1472968670687 1472968670812
1472968672688 1472968672754
1472968674689 1472968674807
1472968676691 1472968676751
1472968678695 1472968678819
1472968680694 1472968680847
1472968682695 1472968682789
1472968684698 1472968684854
1472968686698 1472968686787
1472968688698 1472968688834
1472968690702 1472968690781
1472968692703 1472968692827
1472968694704 1472968694772
1472968696706 1472968696822
1472968698706 1472968698766
1472968700709 1472968700814
1472968702710 1472968702863
1472968704711 1472968704807
1472968706713 1472968706853
1472968708716 1472968708802
1472968710716 1472968710849
1472968712718 1472968712795
1472968714720 1472968714898
1472968716720 1472968716787
1472968718722 1472968718836
1472968720725 1472968720885
1472968722725 1472968722829
1472968724724 1472968724877
1472968726725 1472968726822
1472968728726 1472968728870
1472968730726 1472968730819
1472968732729 1472968732865
1472968734729 1472968734809
1472968736729 1472968736856
1472968738731 1472968738804
1472968740732 1472968740851
1472968742732 1472968742794
1472968744744 1472968744846
1472968746735 1472968746789
1472968748736 1472968748838
1472968750737 1472968750887
1472968752738 1472968752832
1472968754740 1472968754881
1472968756741 1472968756826
1472968758742 1472968758873
1472968760744 1472968760820
1472968762744 1472968762867
1472968764745 1472968764812
1472968766748 1472968766859
1472968768749 1472968768807
1472968770750 1472968770853
1472968772751 1472968772800
1472968774753 1472968774964
1472968776753 1472968776896
1472968778754 1472968778841
1472968780756 1472968780889
1472968782759 1472968782834
1472968784761 1472968784883
1472968786760 1472968786827
1472968788762 1472968788875
1472968790763 1472968790822
1472968792764 1472968792870
1472968794766 1472968794917
1472968796769 1472968796864
1472968798771 1472968798910
1472968800772 1472968800855
1472968802774 1472968802904
1472968804774 1472968804849
1472968806775 1472968806897
1472968808779 1472968808844
1472968810780 1472968810891
1472968812778 1472968812836
1472968814781 1472968814892
1472968816779 1472968816829
1472968818780 1472968818878
1472968820784 1472968820926
1472968822783 1472968822871
1472968824782 1472968824919
1472968826785 1472968826865
1472968828785 1472968828912
1472968830787 1472968830858
1472968832788 1472968832906
1472968834789 1472968834852
1472968836791 1472968836900
1472968838791 1472968838962
1472968840791 1472968840893
1472968842795 1472968842962
1472968844794 1472968844888
1472968846795 1472968846952
1472968848798 1472968848883
1472968850798 1472968850930
1472968852798 1472968852929
1472968854801 1472968854924
1472968856800 1472968856867
1472968858803 1472968858915
1472968860804 1472968860861
1472968862807 1472968862907
1472968864809 1472968864970
1472968866811 1472968866901
1472968868812 1472968868961
1472968870814 1472968870896
1472968872816 1472968872958
1472968874817 1472968874889
1472968876818 1472968876949
1472968878820 1472968878883
1472968880819 1472968880951
1472968882822 1472968882876
1472968884825 1472968884924
1472968886827 1472968886992
1472968888829 1472968888917
1472968890833 1472968890982
1472968892835 1472968892910
