1472968532601 1472968532869
1472968534605 1472968534701
1472968536605 1472968536750
1472968538609 1472968538799
1472968540608 1472968540848
1472968542610 1472968542687
1472968544614 1472968544740
1472968546615 1472968546788
1472968548616 1472968548834
1472968550619 1472968550674
1472968552617 1472968552721
1472968554619 1472968554803
1472968556622 1472968556831
1472968558621 1472968558659
1472968560621 1472968560711
1472968562622 1472968562761
1472968564624 1472968564812
1472968566628 1472968566858
1472968568624 1472968568694
1472968570627 1472968570748
1472968572628 1472968572797
1472968574629 1472968574849
1472968576629 1472968576681
1472968578630 1472968578730
1472968580632 1472968580785
1472968582634 1472968582834
1472968584635 1472968584688
1472968586640 1472968586715
1472968588639 1472968588764
1472968590642 1472968590816
1472968592644 1472968592867
1472968594643 1472968594704
1472968596649 1472968596751
1472968598649 1472968598807
1472968600650 1472968600847
1472968602654 1472968602692
1472968604653 1472968604738
1472968606653 1472968606790
1472968608657 1472968608839
1472968610670 1472968610888
1472968612655 1472968612724
1472968614675 1472968614773
1472968616658 1472968616826
1472968618658 1472968618874
1472968620659 1472968620725
1472968622659 1472968622760
1472968624660 1472968624812
1472968626663 1472968626860
1472968628664 1472968628709
1472968630664 1472968630754
1472968632665 1472968632796
1472968634667 1472968634846
1472968636666 1472968636895
1472968638669 1472968638734
1472968640669 1472968640785
1472968642670 1472968642829
1472968644673 1472968644892
1472968646672 1472968646719
1472968648673 1472968648770
1472968650676 1472968650824
1472968652676 1472968652872
1472968654683 1472968654726
1472968656682 1472968656755
1472968656682 1472968656766
1472968658679 1472968658811
1472968658679 1472968658810
1472968660678 1472968660858
1472968660678 1472968660858
1472968662682 1472968662905
1472968662682 1472968662905
1472968664686 1472968664747
1472968664686 1472968664752
1472968666683 1472968666790
1472968666683 1472968666790
1472968668685 1472968668844
1472968668685 1472968668843
1472968670687 1472968670895
1472968670687 1472968670895
1472968672688 1472968672730
1472968672688 1472968672731
1472968674689 1472968674780
1472968674689 1472968674780
1472968676691 1472968676832
1472968676691 1472968676832
1472968678695 1472968678877
1472968678695 1472968678877
1472968680694 1472968680921
1472968680694 1472968680921
1472968682695 1472968682764
1472968682695 1472968682764
1472968684698 1472968684821
1472968684698 1472968684821
1472968686698 1472968686868
1472968686698 1472968686868
1472968688698 1472968688914
1472968688698 1472968688914
1472968690702 1472968690751
1472968690702 1472968690751
1472968692703 1472968692801
1472968692703 1472968692801
1472968694704 1472968694853
1472968694704 1472968694853
1472968696706 1472968696905
1472968696706 1472968696905
1472968698706 1472968698745
1472968698706 1472968698747
1472968700709 1472968700788
1472968700709 1472968700788
1472968702710 1472968702841
1472968702710 1472968702841
1472968704711 1472968704889
1472968704711 1472968704889
1472968706713 1472968706935
1472968706713 1472968706935
1472968708716 1472968708773
1472968708716 1472968708773
1472968710716 1472968710821
1472968710716 1472968710821
1472968712718 1472968712873
1472968712718 1472968712873
1472968714720 1472968714924
1472968714720 1472968714924
1472968716720 1472968716776
1472968716720 1472968716776
1472968718722 1472968718809
1472968718722 1472968718809
1472968720725 1472968720862
1472968720725 1472968720862
1472968722725 1472968722909
1472968722725 1472968722909
1472968724724 1472968724956
1472968724724 1472968724956
1472968726725 1472968726795
1472968726725 1472968726795
1472968728726 1472968728845
1472968728726 1472968728845
1472968730726 1472968730894
1472968730726 1472968730894
1472968732729 1472968732944
1472968732729 1472968732953
1472968734729 1472968734782
1472968734729 1472968734783
1472968736729 1472968736832
1472968736729 1472968736832
1472968738731 1472968738884
1472968738731 1472968738884
1472968740732 1472968740931
1472968740732 1472968740932
1472968742732 1472968742768
1472968742732 1472968742770
1472968744744 1472968744819
1472968744744 1472968744819
1472968746735 1472968746871
1472968746735 1472968746871
1472968748736 1472968748921
1472968748736 1472968748921
1472968750737 1472968750966
1472968750737 1472968750966
1472968752738 1472968752804
1472968752738 1472968752805
1472968754740 1472968754860
1472968754740 1472968754860
1472968756741 1472968756905
1472968756741 1472968756905
1472968758742 1472968758953
1472968758742 1472968758953
1472968760744 1472968760792
1472968760744 1472968760793
1472968762744 1472968762839
1472968762744 1472968762839
1472968764745 1472968764891
1472968764745 1472968764891
1472968766748 1472968766940
1472968766748 1472968766940
1472968768749 1472968768786
1472968768749 1472968768790
1472968770750 1472968770825
1472968770750 1472968770825
1472968772751 1472968772881
1472968772751 1472968772881
1472968774753 1472968774927
1472968774753 1472968774927
1472968776753 1472968776977
1472968776753 1472968776977
1472968778754 1472968778813
1472968778754 1472968778813
1472968780756 1472968780868
1472968780756 1472968780868
1472968782759 1472968782912
1472968782759 1472968782912
1472968784761 1472968784963
1472968784761 1472968784963
1472968786760 1472968786800
1472968786760 1472968786805
1472968788762 1472968788846
1472968788762 1472968788846
1472968790763 1472968790902
1472968790763 1472968790902
1472968792764 1472968792951
1472968792764 1472968792951
1472968794766 1472968794995
1472968794766 1472968794995
1472968796769 1472968796836
1472968796769 1472968796836
1472968798771 1472968798889
1472968798771 1472968798889
1472968800772 1472968800935
1472968800772 1472968800935
1472968802774 1472968802983
1472968802774 1472968802983
1472968804774 1472968804836
1472968804774 1472968804841
1472968806775 1472968806868
1472968806775 1472968806868
1472968808779 1472968808920
1472968808779 1472968808920
1472968810780 1472968810970
1472968810780 1472968810970
1472968812778 1472968812822
1472968812778 1472968812822
1472968814781 1472968814856
1472968814781 1472968814856
1472968816779 1472968816908
1472968816779 1472968816908
1472968818780 1472968818956
1472968818780 1472968818956
1472968820784 1472968821007
1472968820784 1472968821007
1472968822783 1472968822842
1472968822783 1472968822842
1472968824782 1472968824895
1472968824782 1472968824895
1472968826785 1472968826951
1472968826785 1472968826951
1472968828785 1472968828998
1472968828785 1472968828998
1472968830787 1472968830829
1472968830787 1472968830831
1472968832788 1472968832879
1472968832788 1472968832879
1472968834789 1472968834931
1472968834789 1472968834931
1472968836791 1472968836978
1472968836791 1472968836978
1472968838791 1472968839025
1472968838791 1472968839025
1472968840791 1472968840865
1472968840791 1472968840865
1472968842795 1472968842920
1472968842795 1472968842921
1472968844794 1472968844968
1472968844794 1472968844969
1472968846795 1472968847017
1472968846795 1472968847017
1472968848798 1472968848853
1472968848798 1472968848853
1472968850798 1472968850900
1472968850798 1472968850900
1472968852798 1472968852954
1472968852798 1472968852954
1472968854801 1472968855004
1472968854801 1472968855005
1472968856800 1472968856850
1472968856800 1472968856859
1472968858803 1472968858886
1472968858803 1472968858886
1472968860804 1472968860940
1472968860804 1472968860940
1472968862807 1472968862986
1472968862807 1472968862986
1472968864809 1472968865037
1472968864809 1472968865037
1472968866811 1472968866873
1472968866811 1472968866873
1472968868812 1472968868925
1472968868812 1472968868925
1472968870814 1472968870975
1472968870814 1472968870975
1472968872816 1472968873023
1472968872816 1472968873023
1472968874817 1472968874867
1472968874817 1472968874878
1472968876818 1472968877015
1472968876818 1472968877015
1472968878820 1472968878870
1472968878820 1472968878877
1472968880819 1472968880905
1472968880819 1472968880905
1472968882822 1472968882956
1472968882822 1472968882956
1472968884825 1472968885002
1472968884825 1472968885002
1472968886827 1472968887050
1472968886827 1472968887050
1472968888829 1472968888892
1472968888829 1472968888892
1472968890833 1472968890947
1472968890833 1472968890947
1472968892835 1472968892989
1472968892835 1472968892989
