1472968778754 1472968778794
1472968780756 1472968780784
1472968782759 1472968782783
1472968784761 1472968784795
1472968786760 1472968786788
1472968788762 1472968788797
1472968790763 1472968790797
1472968792764 1472968792793
1472968794766 1472968794790
1472968796769 1472968796808
1472968798771 1472968798803
1472968800772 1472968800808
1472968802774 1472968802808
1472968804774 1472968804808
1472968806775 1472968806801
1472968808779 1472968808819
1472968810780 1472968810801
1472968812778 1472968812804
1472968814781 1472968814804
1472968816779 1472968816801
1472968818780 1472968818802
1472968820784 1472968820829
1472968822783 1472968822814
1472968824782 1472968824811
1472968826785 1472968826824
1472968828785 1472968828814
1472968830787 1472968830817
1472968832788 1472968832822
1472968834789 1472968834821
1472968836791 1472968836825
1472968838791 1472968838825
1472968840791 1472968840816
1472968842795 1472968842822
1472968844794 1472968844826
1472968846795 1472968846820
1472968848798 1472968848833
1472968850798 1472968850837
1472968852798 1472968852835
1472968854801 1472968854832
1472968856800 1472968856835
1472968858803 1472968858835
1472968860804 1472968860837
1472968862807 1472968862845
1472968864809 1472968864845
1472968866811 1472968866840
1472968868812 1472968868847
1472968870814 1472968870840
1472968872816 1472968872844
1472968874817 1472968874850
1472968876818 1472968876856
1472968878820 1472968878851
1472968880819 1472968880839
1472968882822 1472968882851
1472968884825 1472968884849
1472968886827 1472968886865
1472968888829 1472968888860
1472968890833 1472968890861
1472968892835 1472968892860
