1472968644673 1472968644886
1472968646672 1472968646707
1472968648673 1472968648708
1472968650676 1472968650709
1472968652676 1472968652721
1472968654683 1472968654730
1472968656682 1472968656729
1472968658679 1472968658727
1472968660678 1472968660736
1472968662682 1472968662716
1472968664686 1472968664750
1472968666683 1472968666746
1472968668685 1472968668730
1472968670687 1472968670727
1472968672688 1472968672727
1472968674689 1472968674727
1472968676691 1472968676727
1472968678695 1472968678737
1472968680694 1472968680742
1472968682695 1472968682737
1472968684698 1472968684743
1472968686698 1472968686736
1472968688698 1472968688739
1472968690702 1472968690736
1472968692703 1472968692747
1472968694704 1472968694751
1472968696706 1472968696753
1472968698706 1472968698744
1472968700709 1472968700795
1472968702710 1472968702747
1472968704711 1472968704755
1472968706713 1472968706761
1472968708716 1472968708756
1472968710716 1472968710762
1472968712718 1472968713492
1472968714720 1472968714756
1472968716720 1472968716757
1472968718722 1472968718792
1472968720725 1472968720781
1472968722725 1472968722767
1472968724724 1472968724763
1472968726725 1472968726768
1472968728726 1472968728766
1472968730726 1472968730763
1472968732729 1472968732765
1472968734729 1472968734762
1472968736729 1472968736771
1472968738731 1472968738761
1472968740732 1472968740786
1472968742732 1472968742761
1472968744744 1472968744792
1472968746735 1472968746768
1472968748736 1472968748784
1472968750737 1472968750773
1472968752738 1472968752782
1472968754740 1472968754772
1472968756741 1472968756787
1472968758742 1472968758789
1472968760744 1472968760821
1472968762744 1472968762784
1472968764745 1472968764779
1472968766748 1472968766784
1472968768749 1472968768785
1472968770750 1472968770798
1472968772751 1472968772790
1472968774753 1472968774792
1472968776753 1472968776797
1472968778754 1472968778792
1472968780756 1472968780785
1472968782759 1472968782790
1472968784761 1472968784799
1472968786760 1472968786803
1472968788762 1472968788816
1472968790763 1472968790802
1472968792764 1472968792802
1472968794766 1472968794990
1472968796769 1472968796815
1472968798771 1472968798810
1472968800772 1472968800814
1472968802774 1472968802814
1472968804774 1472968804816
1472968808779 1472968812036
1472968810780 1472968812036
1472968812778 1472968812812
1472968814781 1472968814812
1472968806775 1472968814874
1472968816779 1472968816811
1472968818780 1472968818809
1472968820784 1472968820829
1472968822783 1472968822825
1472968824782 1472968824820
1472968826785 1472968826833
1472968828785 1472968828816
1472968830787 1472968830825
1472968832788 1472968832832
1472968834789 1472968834828
1472968836791 1472968836825
1472968838791 1472968838828
1472968840791 1472968840821
1472968842795 1472968842825
1472968844794 1472968844844
1472968846795 1472968846834
1472968848798 1472968848838
1472968850798 1472968850848
1472968852798 1472968852843
1472968854801 1472968854841
1472968856800 1472968856843
1472968858803 1472968858841
1472968860804 1472968860849
1472968862807 1472968862852
1472968864809 1472968864856
1472968866811 1472968866862
1472968868812 1472968868853
1472968870814 1472968870854
1472968872816 1472968872848
1472968874817 1472968874862
1472968876818 1472968876873
1472968878820 1472968878862
1472968880819 1472968880839
1472968882822 1472968882859
1472968884825 1472968884862
1472968886827 1472968886881
1472968888829 1472968888875
1472968890833 1472968890876
1472968892835 1472968892871
