1473983511523 2070
1473983513571 1892
1473983515634 1723
1473983517683 1456
1473983519734 1477
1473983521813 1545
1473983523872 1516
1473983525926 1613
1473983527974 1450
1473983530033 1487
1473983532083 1245
1473983534150 1493
1473983536204 1194
1473983538252 1330
1473983540314 1264
1473983542362 1205
1473983544433 1252
1473983546504 1204
1473983548562 1244
1473983550632 1213
1473983552682 1068
1473983554731 1189
1473983556792 1188
1473983558862 1418
1473983560942 1270
1473983563002 1280
1473983565051 1265
1473983567102 1295
1473983569163 1384
1473983571244 1267
1473983573294 1277
