1473982941433 146
1473982943459 212
1473982945482 126
1473982947502 111
1473982949523 168
1473982951544 134
1473982953576 149
1473982955610 129
1473982957632 173
1473982959655 145
1473982961679 97
1473982963704 147
1473982965728 172
1473982967752 191
1473982969779 99
1473982971802 120
1473982973822 122
1473982975853 177
1473982977873 158
1473982979899 102
1473982981930 109
1473982983952 211
1473982985973 126
1473982987998 103
1473982990030 134
1473982992054 81
1473982994072 175
1473982996094 131
1473982998118 92
1473983000143 101
1473983002163 141
