1473982816190 43
1473982818209 34
1473982820224 52
1473982822242 56
1473982824270 45
1473982826288 52
1473982828302 48
1473982830322 57
1473982832344 53
1473982834363 38
1473982836373 38
1473982838400 44
1473982840413 43
1473982842423 39
1473982844443 30
1473982846457 48
1473982848473 39
1473982850498 53
1473982852513 38
1473982854534 37
1473982856560 30
1473982858579 36
1473982860593 51
1473982862625 35
1473982864642 42
1473982866669 29
1473982868688 44
1473982870703 44
1473982872722 45
1473982874750 31
1473982876764 34
