1473983575352 1561
1473983577434 1345
1473983579493 1407
1473983581562 1440
1473983583634 1418
1473983585692 1377
1473983587742 1393
1473983589797 1495
1473983591852 1475
1473983593903 1397
1473983595952 1431
1473983598004 1442
1473983600051 1449
1473983602102 1452
1473983604147 1520
1473983606204 1376
1473983608252 1370
1473983610306 1400
1473983612354 1364
1473983614404 1474
1473983616460 1422
1473983618512 1384
1473983620561 1445
1473983622612 1418
1473983624662 1382
1473983626714 1343
1473983628763 1301
1473983630812 1491
1473983632862 1390
1473983634912 1518
1473983636967 1432
