1473983639013 1730
1473983641074 2526
1473983643132 2160
1473983645193 1867
1473983647259 1781
1473983649324 1701
1473983651382 2239
1473983653443 2005
1473983655512 2676
1473983657582 2212
1473983659642 1998
1473983661702 2013
1473983663763 2033
1473983665823 2071
1473983667882 1963
1473983669943 2119
1473983672012 1949
1473983674073 2072
1473983676132 2073
1473983678194 1971
1473983680256 2072
1473983682322 2172
1473983684383 3072
1473983686442 3233
1473983688503 2980
1473983690564 3737
1473983692618 2069
1473983694674 2248
1473983696739 3136
1473983698833 2914
1473983700922 2536
