1473982697194 47
1473982699212 18
1473982701222 35
1473982703235 46
1473982705253 40
1473982707269 45
1473982709285 43
1473982711302 37
1473982713314 43
1473982715333 36
1473982717350 34
1473982719364 36
1473982721375 42
1473982723393 36
1473982725408 39
1473982727425 46
1473982729442 37
1473982731458 49
1473982733482 37
1473982735499 40
1473982737515 43
1473982739534 46
1473982741553 37
1473982743563 36
1473982745580 49
1473982747593 36
1473982749608 41
1473982751627 27
1473982753644 43
1473982755662 37
1473982757671 24
1473982759689 39
1473982761709 44
1473982763723 25
1473982765737 46
1473982767754 47
1473982769776 28
1473982771794 53
1473982773821 37
1473982775840 28
1473982777853 47
1473982779872 36
1473982781887 29
1473982783905 44
1473982785922 37
1473982787933 22
1473982789948 40
1473982791964 41
1473982793985 29
1473982796004 47
1473982798025 41
1473982800042 17
1473982802053 46
1473982804072 36
1473982806088 32
1473982808107 41
1473982810123 49
1473982812146 40
1473982814173 35
