1473983004184 293
1473983006208 231
1473983008233 176
1473983010264 347
1473983012294 356
1473983014324 337
1473983016353 352
1473983018382 346
1473983020413 287
1473983022444 425
1473983024474 419
1473983026502 351
1473983028523 280
1473983030552 333
1473983032586 383
1473983034614 422
1473983036644 369
1473983038672 212
1473983040709 356
1473983042750 320
1473983044789 186
1473983046814 344
1473983048834 342
1473983050863 317
1473983052893 230
1473983054922 193
1473983056954 187
1473983058983 350
1473983061016 414
1473983063043 403
1473983065074 421
