1473983067102 509
1473983069133 482
1473983071173 462
1473983073204 496
1473983075234 462
1473983077262 503
1473983079293 525
1473983081333 503
1473983083363 515
1473983085394 466
1473983087424 477
1473983089462 621
1473983091494 503
1473983093533 467
1473983095573 534
1473983097612 429
1473983099643 499
1473983101684 452
1473983103714 456
1473983105742 532
1473983107774 466
1473983109816 313
1473983111853 487
1473983113882 501
1473983115912 431
1473983117944 484
1473983119984 463
1473983122015 439
1473983124054 478
1473983126093 411
1473983128124 487
