1473983130163 600
1473983132203 725
1473983134253 605
1473983136293 659
1473983138334 628
1473983140376 674
1473983142413 631
1473983144453 650
1473983146502 681
1473983148542 601
1473983150583 580
1473983152624 613
1473983154674 693
1473983156702 669
1473983158744 610
1473983160782 712
1473983162823 545
1473983164863 597
1473983166913 610
1473983168954 535
1473983170984 623
1473983173022 671
1473983175062 577
1473983177102 580
1473983179142 612
1473983181182 599
1473983183222 624
1473983185260 633
1473983187302 560
1473983189342 601
1473983191384 816
