1473983193422 836
1473983195482 863
1473983197532 783
1473983199576 892
1473983201625 780
1473983203662 851
1473983205704 790
1473983207742 812
1473983209794 806
1473983211832 812
1473983213883 776
1473983215934 748
1473983217984 702
1473983220022 733
1473983222053 805
1473983224104 928
1473983226154 840
1473983228202 745
1473983230253 581
1473983232302 665
1473983234345 559
1473983236392 720
1473983238442 575
1473983240484 712
1473983242512 701
1473983244562 788
1473983246613 782
1473983248662 833
1473983250713 733
1473983252752 817
1473983254794 875
