1473982878782 139
1473982880804 258
1473982882823 87
1473982884843 95
1473982886863 195
1473982888882 135
1473982890902 91
1473982892922 195
1473982894942 86
1473982896962 60
1473982898983 56
1473982901010 183
1473982903033 99
1473982905058 66
1473982907074 67
1473982909097 82
1473982911114 85
1473982913140 76
1473982915164 108
1473982917187 109
1473982919208 72
1473982921230 88
1473982923253 77
1473982925272 80
1473982927295 67
1473982929314 76
1473982931334 97
1473982933359 82
1473982935379 55
1473982937392 73
1473982939415 87
