1473983256832 785
1473983258873 999
1473983260922 1037
1473983262973 920
1473983265022 1119
1473983267073 1039
1473983269124 1082
1473983271174 1221
1473983273224 1117
1473983275263 1298
1473983277354 1166
1473983279404 1119
1473983281444 1139
1473983283493 965
1473983285544 779
1473983287597 789
1473983289634 695
1473983291672 828
1473983293694 928
1473983295734 1007
1473983297776 946
1473983299814 818
1473983301863 1058
1473983303912 937
1473983305954 1017
1473983307994 985
1473983310058 837
1473983312094 1049
1473983314144 936
1473983316194 961
1473983318232 982
