1473983320275 1001
1473983322335 1109
1473983324388 1090
1473983326434 1063
1473983328474 1058
1473983330512 1226
1473983332575 1186
1473983334624 1053
1473983336674 1025
1473983338712 1082
1473983340742 1170
1473983342802 981
1473983344863 1017
1473983346912 962
1473983348958 934
1473983351004 955
1473983353062 956
1473983355112 1001
1473983357174 983
1473983359239 995
1473983361282 1260
1473983363342 1021
1473983365392 972
1473983367455 1010
1473983369504 967
1473983371554 978
1473983373594 1007
1473983375655 984
1473983377694 1299
1473983379752 1468
1473983381813 1229
