1473983383874 1153
1473983385944 1541
1473983387992 1207
1473983390054 1259
1473983392114 1209
1473983394184 1344
1473983396244 1079
1473983398282 1260
1473983400342 1085
1473983402400 1450
1473983404462 1217
1473983406514 1200
1473983408564 1019
1473983410602 1011
1473983412664 1022
1473983414714 999
1473983416759 1121
1473983418804 1016
1473983420864 1256
1473983422912 1103
1473983424973 1253
1473983427033 1103
1473983429096 1021
1473983431152 1023
1473983433213 1059
1473983435303 1077
1473983437354 1220
1473983439420 1132
1473983441472 1215
1473983443544 1170
1473983445595 1288
