1473983447644 1331
1473983449714 1835
1473983451764 1750
1473983453835 1751
1473983455882 1435
1473983457932 1508
1473983460002 1276
1473983462054 1638
1473983464112 1780
1473983466193 1515
1473983468242 1624
1473983470314 1584
1473983472362 1748
1473983474432 1499
1473983476482 1437
1473983478552 1798
1473983480625 1405
1473983482682 1952
1473983484752 1957
1473983486822 1903
1473983488893 1801
1473983490953 1775
1473983493022 1809
1473983495081 1847
1473983497129 2096
1473983499192 1846
1473983501244 1833
1473983503292 1569
1473983505352 1729
1473983507402 1784
1473983509464 1465
