1472972725074 1472972725431
1472972727076 1472972727341
1472972729076 1472972729264
1472972731079 1472972731319
1472972733081 1472972733349
1472972735081 1472972735294
1472972737087 1472972737346
1472972739083 1472972739296
1472972741087 1472972741342
1472972743088 1472972743281
1472972745090 1472972745332
1472972747092 1472972747267
1472972749093 1472972749331
1472972751094 1472972751274
1472972753098 1472972753319
1472972755098 1472972755354
1472972757098 1472972757318
1472972759100 1472972759359
1472972761409 1472972761620
1472972763106 1472972763356
1472972765107 1472972765278
1472972767108 1472972767358
1472972769108 1472972769300
1472972771109 1472972771344
1472972773113 1472972773386
1472972775115 1472972775328
1472972777116 1472972777389
1472972779120 1472972779331
1472972781120 1472972781372
1472972783122 1472972783333
1472972785124 1472972785382
1472972787125 1472972787318
1472972789129 1472972789368
1472972791126 1472972791317
1472972793131 1472972793362
1472972795130 1472972795404
1472972797133 1472972797344
1472972799134 1472972799399
1472972801136 1472972801345
1472972803136 1472972803394
1472972805137 1472972805338
1472972807136 1472972807379
1472972809140 1472972809325
1472972811138 1472972811378
1472972813140 1472972813319
1472972815138 1472972815379
1472972817144 1472972817430
1472972819141 1472972819350
1472972821144 1472972821399
1472972823142 1472972823354
1472972825144 1472972825402
1472972827146 1472972827344
1472972829147 1472972829396
1472972831149 1472972831373
1472972833148 1472972833416
1472972835149 1472972835326
1472972837148 1472972837405
1472972839151 1472972839349
1472972841150 1472972841385
1472972843152 1472972843440
1472972845154 1472972845385
1472972847154 1472972847443
1472972849161 1472972849378
1472972851157 1472972851424
1472972853159 1472972853371
1472972855168 1472972855408
1472972857167 1472972857461
1472972859162 1472972859416
1472972861167 1472972861452
1472972863164 1472972863410
1472972865168 1472972865462
1472972867170 1472972867417
1472972869170 1472972869456
1472972871174 1472972871403
1472972873177 1472972873460
1472972875178 1472972875362
1472972877179 1472972877449
1472972879181 1472972879374
1472972881183 1472972881444
1472972883182 1472972883486
1472972885186 1472972885423
1472972887187 1472972887486
1472972889190 1472972889442
1472972891189 1472972891485
1472972893192 1472972893429
1472972895195 1472972895467
1472972897506 1472972897708
1472972899198 1472972899462
1472972901197 1472972901399
1472972903198 1472972903452
1472972905200 1472972905390
1472972907201 1472972907446
1472972909201 1472972909506
1472972911201 1472972911459
1472972913204 1472972913501
1472972915213 1472972915436
1472972917206 1472972917483
1472972919207 1472972919425
1472972921213 1472972921471
1472972923207 1472972923492
1472972925209 1472972925496
1472972927210 1472972927518
1472972929211 1472972929429
1472972931213 1472972931578
1472972933216 1472972933472
1472972935217 1472972935508
1472972937220 1472972937462
1472972939221 1472972939520
1472972941221 1472972941463
1472972943224 1472972943506
1472972945226 1472972945463
1472972947229 1472972947517
1472972949229 1472972949435
1472972951233 1472972951489
1472972953232 1472972953535
1472972955236 1472972955493
1472972957236 1472972957528
1472972959238 1472972959493
1472972961240 1472972961540
1472972963241 1472972963479
1472972965244 1472972965527
1472972967553 1472972967901
1472972969248 1472972969526
1472972971249 1472972971554
1472972973251 1472972973509
1472972975251 1472972975561
1472972977252 1472972977493
1472972979257 1472972979561
1472972981256 1472972981499
1472972983260 1472972983625
1472972985260 1472972985465
1472972987260 1472972987540
1472972989263 1472972989495
1472972991264 1472972991539
1472972993263 1472972993573
1472972995264 1472972995543
1472972997266 1472972997589
1472972999266 1472972999514
1472973001267 1472973001568
1472973003270 1472973003518
1472973005272 1472973005561
1472973007270 1472973007515
1472973009271 1472973009566
1472973011271 1472973011519
1472973013274 1472973013563
1472973015275 1472973015606
1472973017276 1472973017537
1472973019278 1472973019618
1472973021281 1472973021547
1472973023282 1472973023587
1472973025285 1472973025535
1472973027286 1472973027582
1472973029288 1472973029523
1472973031289 1472973031566
1472973033290 1472973033612
1472973035292 1472973035592
1472973037294 1472973037626
1472973039294 1472973039592
1472973041297 1472973041611
1472973043297 1472973043648
1472973045301 1472973045604
1472973047303 1472973047587
1472973049305 1472973049607
1472973051306 1472973051556
1472973053308 1472973053695
1472973055312 1472973055593
1472973057312 1472973057573
1472973059313 1472973059626
1472973061315 1472973061596
1472973063317 1472973063637
1472973065320 1472973065630
1472973067324 1472973067614
1472973069323 1472973069659
1472973071325 1472973071623
1472973073324 1472973073584
1472973075327 1472973075590
1472973077328 1472973077646
1472973079329 1472973079620
1472973081330 1472973081650
1472973083332 1472973083622
1472973085333 1472973085651
1472973087334 1472973087620
1472973089335 1472973089631
1472973091336 1472973091648
1472973093337 1472973093628
1472973095337 1472973095656
1472973097337 1472973097632
1472973099341 1472973099612
1472973101340 1472973101629
1472973103341 1472973103678
1472973105351 1472973105622
1472973107353 1472973107651
1472973109352 1472973109627
1472973111348 1472973111645
1472973113351 1472973113632
1472973115352 1472973115636
1472973117353 1472973117648
1472973119354 1472973119643
1472973121359 1472973121685
1472973123356 1472973123640
1472973125360 1472973125688
1472973127360 1472973127640
1472973129361 1472973129663
1472973131363 1472973131653
1472973133364 1472973133678
1472973135366 1472973135637
1472973137370 1472973137680
1472973139368 1472973139653
1472973141366 1472973141613
