1472973033290 1472973033771
1472973035292 1472973035525
1472973037294 1472973037481
1472973039294 1472973039586
1472973041297 1472973041462
1472973043297 1472973043513
1472973045301 1472973045474
1472973047303 1472973047497
1472973049305 1472973049490
1472973051306 1472973051508
1472973053308 1472973053489
1472973055312 1472973055605
1472973057312 1472973057473
1472973059313 1472973059491
1472973061315 1472973061522
1472973063317 1472973063491
1472973065320 1472973065535
1472973067324 1472973067500
1472973069323 1472973069629
1472973071325 1472973071499
1472973073324 1472973073525
1472973075327 1472973075595
1472973077328 1472973077509
1472973079329 1472973079524
1472973081330 1472973081541
1472973083332 1472973083507
1472973085333 1472973085494
1472973087334 1472973087527
1472973089335 1472973089515
1472973091336 1472973091582
1472973093337 1472973093486
1472973095337 1472973095575
1472973097337 1472973097530
1472973099341 1472973099566
1472973101340 1472973101679
1472973103341 1472973103552
1472973105351 1472973105513
1472973107353 1472973107527
1472973109352 1472973109543
1472973111348 1472973111542
1472973113351 1472973113578
1472973115352 1472973115512
1472973117353 1472973117589
1472973119354 1472973119549
1472973121359 1472973121542
1472973123356 1472973123533
1472973125360 1472973125540
1472973127360 1472973127578
1472973129361 1472973129529
1472973131363 1472973131566
1472973133364 1472973133569
1472973135366 1472973135555
1472973137370 1472973137599
1472973139368 1472973139685
1472973141366 1472973141500
