1472972931213 1472972931750
1472972933216 1472972933529
1472972935217 1472972935483
1472972937220 1472972937544
1472972939221 1472972939542
1472972941221 1472972941521
1472972943224 1472972943550
1472972945226 1472972945533
1472972947229 1472972947559
1472972949229 1472972949521
1472972951233 1472972951519
1472972953232 1472972953446
1472972955236 1472972955560
1472972957236 1472972957481
1472972959238 1472972959567
1472972961240 1472972961555
1472972963241 1472972963528
1472972965244 1472972965533
1472972967553 1472972967928
1472972969248 1472972969560
1472972971249 1472972971498
1472972973251 1472972973698
1472972975251 1472972975593
1472972977252 1472972977609
1472972979257 1472972979623
1472972981256 1472972981536
1472972983260 1472972983476
1472972985260 1472972985561
1472972987260 1472972987554
1472972989263 1472972989571
1472972991264 1472972991623
1472972993263 1472972993513
1472972995264 1472972995598
1472972997266 1472972997591
1472972999266 1472972999560
1472973001267 1472973001547
1472973003270 1472973003590
1472973005272 1472973005547
1472973007270 1472973007562
1472973009271 1472973009625
1472973011271 1472973011601
1472973013274 1472973013623
1472973015275 1472973015632
1472973017276 1472973017575
1472973019278 1472973019630
1472973021281 1472973021578
1472973023282 1472973023574
1472973025285 1472973025590
1472973027286 1472973027630
1472973029288 1472973029615
1472973031289 1472973031581
1472973033290 1472973033795
1472973035292 1472973035660
1472973037294 1472973037673
1472973039294 1472973039657
1472973041297 1472973041693
1472973043297 1472973043720
1472973045301 1472973045664
1472973047303 1472973047657
1472973049305 1472973049672
1472973051306 1472973051676
1472973053308 1472973053696
1472973055312 1472973055670
1472973057312 1472973057660
1472973059313 1472973059661
1472973061315 1472973061677
1472973063317 1472973063684
1472973065320 1472973065714
1472973067324 1472973067669
1472973069323 1472973069702
1472973071325 1472973071664
1472973073324 1472973073683
1472973075327 1472973075666
1472973077328 1472973077684
1472973079329 1472973079690
1472973081330 1472973081711
1472973083332 1472973083700
1472973085333 1472973085714
1472973087334 1472973087697
1472973089335 1472973089684
1472973091336 1472973091743
1472973093337 1472973093709
1472973095337 1472973095716
1472973097337 1472973097710
1472973099341 1472973099702
1472973101340 1472973101694
1472973103341 1472973103735
1472973105351 1472973105731
1472973107353 1472973107731
1472973109352 1472973109699
1472973111348 1472973111696
1472973113351 1472973113720
1472973115352 1472973115709
1472973117353 1472973117725
1472973119354 1472973119688
1472973121359 1472973121725
1472973123356 1472973123705
1472973125360 1472973125723
1472973127360 1472973127738
1472973129361 1472973129717
1472973131363 1472973131781
1472973133364 1472973133738
1472973135366 1472973135717
1472973137370 1472973137750
1472973139368 1472973139744
1472973141366 1472973141643
