1472972829147 1472972831281
1472972831149 1472972832401
1472972833148 1472972833629
1472972835149 1472972835476
1472972837148 1472972837625
1472972839151 1472972839568
1472972841150 1472972841616
1472972843152 1472972843561
1472972845154 1472972845609
1472972847154 1472972847555
1472972849161 1472972849602
1472972851157 1472972851548
1472972853159 1472972853495
1472972855168 1472972856058
1472972857167 1472972859138
1472972859162 1472972860262
1472972861167 1472972861994
1472972863164 1472972863737
1472972865168 1472972865481
1472972867170 1472972867628
1472972869170 1472972869571
1472972871174 1472972871619
1472972873177 1472972873667
1472972875178 1472972875514
1472972877179 1472972877673
1472972879181 1472972879606
1472972881183 1472972881552
1472972883182 1472972883496
1472972885186 1472972885650
1472972887187 1472972887594
1472972889190 1472972889541
1472972891189 1472972891587
1472972893192 1472972893634
1472972895195 1472972895684
1472972897506 1472972897842
1472972899198 1472972899573
1472972901197 1472972901625
1472972903198 1472972903669
1472972905200 1472972905719
1472972907201 1472972907663
1472972909201 1472972909608
1472972911201 1472972911553
1472972913204 1472972913603
1472972915213 1472972915650
1472972917206 1472972917595
1472972919207 1472972919642
1472972921213 1472972921794
1472972923207 1472972924153
1472972925209 1472972925902
1472972927210 1472972927739
1472972929211 1472972929677
1472972931213 1472972931828
1472972933216 1472972933672
1472972935217 1472972935723
1472972937220 1472972937768
1472972939221 1472972940326
1472972941221 1472972943298
1472972943224 1472972944123
1472972945226 1472972945652
1472972947229 1472972947715
1472972949229 1472972949748
1472972951233 1472972952002
1472972953232 1472972953844
1472972955236 1472972955892
1472972957236 1472972957735
1472972959238 1472972959783
1472972961240 1472972962451
1472972963241 1472972965312
1472972965244 1472972966437
1472972967553 1472972967979
1472972969248 1472972969719
1472972971249 1472972971763
1472972973251 1472972973708
1472972975251 1472972975858
1472972977252 1472972977803
1472972979257 1472972979750
1472972981256 1472972981799
1472972983260 1472972983848
1472972985260 1472972985791
1472972987260 1472972987839
1472972989263 1472972989785
1472972991264 1472972991832
1472972993263 1472972993778
1472972995264 1472972995825
1472972997266 1472972997774
1472972999266 1472972999819
1472973001267 1472973001664
1472973003270 1472973003813
1472973005272 1472973005860
1472973007270 1472973007708
1472973009271 1472973009752
1472973011271 1472973011698
1472973013274 1472973013746
1472973015275 1472973015792
1472973017276 1472973017840
1472973019278 1472973019685
1472973021281 1472973021836
1472973023282 1472973023688
1472973025285 1472973025734
1472973027286 1472973027979
1472973029288 1472973029827
1472973031289 1472973031871
1472973033290 1472973034228
1472973035292 1472973036068
1472973037294 1472973037917
1472973039294 1472973039960
1472973041297 1472973041905
1472973043297 1472973044056
1472973045301 1472973046003
1472973047303 1472973047851
1472973049305 1472973049893
1472973051306 1472973051839
1472973053308 1472973053990
1472973055312 1472973055830
1472973057312 1472973057880
1472973059313 1472973059830
1472973061315 1472973061872
1472973063317 1472973063920
1472973065320 1472973065866
1472973067324 1472973067917
1472973069323 1472973069963
1472973071325 1472973072215
1472973073324 1472973074058
1472973075327 1472973076004
1472973077328 1472973077856
1472973079329 1472973079898
1472973081330 1472973081943
1472973083332 1472973083887
1472973085333 1472973085834
1472973087334 1472973087888
1472973089335 1472973089933
1472973091336 1472973091779
1472973093337 1472973093922
1472973095337 1472973095867
1472973097337 1472973097918
1472973099341 1472973099965
1472973101340 1472973102327
1472973103341 1472973104163
1472973105351 1472973106005
1472973107353 1472973107950
1472973109352 1472973109912
1472973111348 1472973111943
1472973113351 1472973113993
1472973115352 1472973116041
1472973117353 1472973117990
1472973119354 1472973120341
1472973121359 1472973122083
1472973123356 1472973123933
1472973125360 1472973125976
1472973127360 1472973128020
1472973129361 1472973130069
1472973131363 1472973132014
1472973133364 1472973133864
1472973135366 1472973136008
1472973137370 1472973137954
1472973139368 1472973139923
1472973141366 1472973141741
